V1,V2,V3,V4,V5,V6,V7,V8,V9,V10,V11,V12,V13,V14,V15,V16,V17,V18,V19,V20,V21,V22,V23,V24,V25,V26,V27,V28,V29,V30,V31,V32,V33,V34,V35,V36,V37,V38,V39,V40,V41,V42,V43,V44,V45,V46,V47,V48,V49,V50,V51,V52,V53,V54,V55,V56,V57,V58,V59,V60,V61,V62,V63,V64,V65,V66,V67,V68,V69,V70,V71,V72,V73,V74,V75,V76,V77,V78,V79,V80,V81,V82,V83,V84,V85,V86,V87,V88,V89,V90,V91,V92,V93,V94,V95,V96,V97,V98,V99,V100,V101,V102,V103,V104,V105,V106,V107,V108,V109,V110,V111,V112,V113,V114,V115,V116,V117,V118,V119,V120,V121,V122,V123,V124,V125,V126,V127,V128,V129,V130,V131,V132,V133,V134,V135,V136,V137,V138,V139,V140,V141,V142,V143,V144,V145,V146,V147,V148,V149,V150,V151,V152,V153,V154,V155,V156,V157,V158,V159,V160,V161,V162,V163,V164,V165,V166,V167,V168,V169,V170,V171,V172,V173,V174,V175,V176,V177,V178,V179,V180,V181,V182,V183,V184,V185,V186,V187,V188,V189,V190,V191,V192,V193,V194,V195,V196,V197,V198,V199,V200,V201,V202,V203,V204,V205,V206,V207,V208,V209,V210,V211,V212,V213,V214,V215,V216,V217,V218,V219,V220,V221,V222,V223,V224,V225,V226,V227,V228,V229,V230,V231,V232,V233,V234,V235,V236,V237,V238,V239,V240,V241,V242,V243,V244,V245,V246,V247,V248,V249,V250,V251,V252,V253,V254,V255,V256,V257,V258,V259,V260,V261,V262,V263,V264,V265,V266,V267,V268,V269,V270,V271,V272,V273,V274,V275,V276,V277,V278,V279,V280,V281,V282,V283,V284,V285,V286,V287,V288,V289,V290,V291,V292,V293,V294,V295,V296,V297,V298,V299,V300,V301,V302,V303,V304,V305,V306,V307,V308,V309,V310,V311,V312,V313,V314,V315,V316,V317,V318,V319,V320,V321,V322,V323,V324,V325,V326,V327,V328,V329,V330,V331,V332,V333,V334,V335,V336,V337,V338,V339,V340,V341,V342,V343,V344,V345,V346,V347,V348,V349,V350,V351,V352,V353,V354,V355,V356,V357,V358,V359,V360,V361,V362,V363,V364,V365,V366,V367,V368,V369,V370,V371,V372,V373,V374,V375,V376,V377,V378,V379,V380,V381,V382,V383,V384,V385,V386,V387,V388,V389,V390,V391,V392,V393,V394,V395,V396,V397,V398,V399,V400,V401,V402,V403,V404,V405,V406,V407,V408,V409,V410,V411,V412,V413,V414,V415,V416,V417,V418,V419,V420,V421,V422,V423,V424,V425,V426,V427,V428,V429,V430,V431,V432,V433,V434,V435,V436,V437,V438,V439,V440,V441,V442,V443,V444,V445,V446,V447,V448,V449,V450,V451,V452,V453,V454,V455,V456,V457,V458,V459,V460,V461,V462,V463,V464,V465,V466,V467,V468,V469,V470,V471,V472,V473,V474,V475,V476,V477,V478,V479,V480,V481,V482,V483,V484,V485,V486,V487,V488,V489,V490,V491,V492,V493,V494,V495,V496,V497,V498,V499,V500,V501,V502,V503,V504,V505,V506,V507,V508,V509,V510,V511,V512,V513,V514,V515,V516,V517,V518,V519,V520,V521,V522,V523,V524,V525,V526,V527,V528,V529,V530,V531,V532,V533,V534,V535,V536,V537,V538,V539,V540,V541,V542,V543,V544,V545,V546,V547,V548,V549,V550,V551,V552,V553,V554,V555,V556,V557,V558,V559,V560,V561,V562,V563,V564,V565,V566,V567,V568,V569,V570,V571,V572,V573,V574,V575,V576,V577,V578,V579,V580,V581,V582,V583,V584,V585,V586,V587,V588,V589,V590,V591,V592,V593,V594,V595,V596,V597,V598,V599,V600,V601,V602,V603,V604,V605,V606,V607,V608,V609,V610,V611,V612,V613,V614,V615,V616,V617,V618,V619,V620,V621,V622,V623,V624,V625,V626,V627,V628,V629,V630,V631,V632,V633,V634,V635,V636,V637,V638,V639,V640,V641,V642,V643,V644,V645,V646,V647,V648,V649,V650,V651,V652,V653,V654,V655,V656,V657,V658,V659,V660,V661,V662,V663,V664,V665,V666,V667,V668,V669,V670,V671,V672,V673,V674,V675,V676,V677,V678,V679,V680,V681,V682,V683,V684,V685,V686,V687,V688,V689,V690,V691,V692,V693,V694,V695,V696,V697,V698,V699,V700,V701,V702,V703,V704,V705,V706,V707,V708,V709,V710,V711,V712,V713,V714,V715,V716,V717,V718,V719,V720,V721,V722,V723,V724,V725,V726,V727,V728,V729,V730,V731,V732,V733,V734,V735,V736,V737,V738,V739,V740,V741,V742,V743,V744,V745,V746,V747,V748,V749,V750,V751,V752,V753,V754,V755,V756,V757,V758,V759,V760,V761,V762,V763,V764,V765,V766,V767,V768,V769,V770,V771,V772,V773,V774,V775,V776,V777,V778,V779,V780,V781,V782,V783,V784,V785,V786,V787,V788,V789,V790,V791,V792,V793,V794,V795,V796,V797,V798,V799,V800,V801,V802,V803,V804,V805,V806,V807,V808,V809,V810,V811,V812,V813,V814,V815,V816,V817,V818,V819,V820,V821,V822,V823,V824,V825,V826,V827,V828,V829,V830,V831,V832,V833,V834,V835,V836,V837,V838,V839,V840,V841,V842,V843,V844,V845,V846,V847,V848,V849,V850,V851,V852,V853,V854,V855,V856,V857,V858,V859,V860,V861,V862,V863,V864,V865,V866,V867,V868,V869,V870,V871,V872,V873,V874,V875,V876,V877,V878,V879,V880,V881,V882,V883,V884,V885,V886,V887,V888,V889,V890,V891,V892,V893,V894,V895,V896,V897,V898,V899,V900,V901,V902,V903,V904,V905,V906,V907,V908,V909,V910,V911,V912,V913,V914,V915,V916,V917,V918,V919,V920,V921,V922,V923,V924,V925,V926,V927,V928,V929,V930,V931,V932,V933,V934,V935,V936,V937,V938,V939,V940,V941,V942,V943,V944,V945,V946,V947,V948,V949,V950,V951,V952,V953,V954,V955,V956,V957,V958,V959,V960,V961,V962,V963,V964,V965,V966,V967,V968,V969,V970,V971,V972,V973,V974,V975,V976,V977,V978,V979,V980,V981,V982,V983,V984,V985,V986,V987,V988,V989,V990,V991,V992,V993,V994,V995,V996,V997,V998,V999,V1000,V1001,V1002,V1003,V1004,V1005,V1006,V1007,V1008,V1009,V1010,V1011,V1012,V1013,V1014,V1015,V1016,V1017,V1018,V1019,V1020,V1021,V1022,V1023,V1024,V1025,V1026,V1027,V1028,V1029,V1030,V1031,V1032,V1033,V1034,V1035,V1036,V1037,V1038,V1039,V1040,V1041,V1042,V1043,V1044,V1045,V1046,V1047,V1048,V1049,V1050,V1051,V1052,V1053,V1054,V1055,V1056,V1057,V1058,V1059,V1060,V1061,V1062,V1063,V1064,V1065,V1066,V1067,V1068,V1069,V1070,V1071,V1072,V1073,V1074,V1075,V1076,V1077,V1078,V1079,V1080,V1081,V1082,V1083,V1084,V1085,V1086,V1087,V1088,V1089,V1090,V1091,V1092,V1093,V1094,V1095,V1096,V1097,V1098,V1099,V1100,V1101,V1102,V1103,V1104,V1105,V1106,V1107,V1108,V1109,V1110,V1111,V1112,V1113,V1114,V1115,V1116,V1117,V1118,V1119,V1120,V1121,V1122,V1123,V1124,V1125,V1126,V1127,V1128,V1129,V1130,V1131,V1132,V1133,V1134,V1135,V1136,V1137,V1138,V1139,V1140,V1141,V1142,V1143,V1144,V1145,V1146,V1147,V1148,V1149,V1150,V1151,V1152,V1153,V1154,V1155,V1156,V1157,V1158,V1159,V1160,V1161,V1162,V1163,V1164,V1165,V1166,V1167,V1168,V1169,V1170,V1171,V1172,V1173,V1174,V1175,V1176,V1177,V1178,V1179,V1180,V1181,V1182,V1183,V1184,V1185,V1186,V1187,V1188,V1189,V1190,V1191,V1192,V1193,V1194,V1195,V1196,V1197,V1198,V1199,V1200,V1201,V1202,V1203,V1204,V1205,V1206,V1207,V1208,V1209,V1210,V1211,V1212,V1213,V1214,V1215,V1216,V1217,V1218,V1219,V1220,V1221,V1222,V1223,V1224,V1225,V1226,V1227,V1228,V1229,V1230,V1231,V1232,V1233,V1234,V1235,V1236,V1237,V1238,V1239,V1240,V1241,V1242,V1243,V1244,V1245,V1246,V1247,V1248,V1249,V1250,V1251,V1252,V1253,V1254,V1255,V1256,V1257,V1258,V1259,V1260,V1261,V1262,V1263,V1264,V1265,V1266,V1267,V1268,V1269,V1270,V1271,V1272,V1273,V1274,V1275,V1276,V1277,V1278,V1279,V1280,V1281,V1282,V1283,V1284,V1285,V1286,V1287,V1288,V1289,V1290,V1291,V1292,V1293,V1294,V1295,V1296,V1297,V1298,V1299,V1300,V1301,V1302,V1303,V1304,V1305,V1306,V1307,V1308,V1309,V1310,V1311,V1312,V1313,V1314,V1315,V1316,V1317,V1318,V1319,V1320,V1321,V1322,V1323,V1324,V1325,V1326,V1327,V1328,V1329,V1330,V1331,V1332,V1333,V1334,V1335,V1336,V1337,V1338,V1339,V1340,V1341,V1342,V1343,V1344,V1345,V1346,V1347,V1348,V1349,V1350,V1351,V1352,V1353,V1354,V1355,V1356,V1357,V1358,V1359,V1360,V1361,V1362,V1363,V1364,V1365,V1366,V1367,V1368,V1369,V1370,V1371,V1372,V1373,V1374,V1375,V1376,V1377,V1378,V1379,V1380,V1381,V1382,V1383,V1384,V1385,V1386,V1387,V1388,V1389,V1390,V1391,V1392,V1393,V1394,V1395,V1396,V1397,V1398,V1399,V1400,V1401,V1402,V1403,V1404,V1405,V1406,V1407,V1408,V1409,V1410,V1411,V1412,V1413,V1414,V1415,V1416,V1417,V1418,V1419,V1420,V1421,V1422,V1423,V1424,V1425,V1426,V1427,V1428,V1429,V1430,V1431,V1432,V1433,V1434,V1435,V1436,V1437,V1438,V1439,V1440,V1441,V1442,V1443,V1444,V1445,V1446,V1447,V1448,V1449,V1450,V1451,V1452,V1453,V1454,V1455,V1456,V1457,V1458,V1459,V1460,V1461,V1462,V1463,V1464,V1465,V1466,V1467,V1468,V1469,V1470,V1471,V1472,V1473,V1474,V1475,V1476,V1477,V1478,V1479,V1480,V1481,V1482,V1483,V1484,V1485,V1486,V1487,V1488,V1489,V1490,V1491,V1492,V1493,V1494,V1495,V1496,V1497,V1498,V1499,V1500,V1501,V1502,V1503,V1504,V1505,V1506,V1507,V1508,V1509,V1510,V1511,V1512,V1513,V1514,V1515,V1516,V1517,V1518,V1519,V1520,V1521,V1522,V1523,V1524,V1525,V1526,V1527,V1528,V1529,V1530,V1531,V1532,V1533,V1534,V1535,V1536,V1537,V1538,V1539,V1540,V1541,V1542,V1543,V1544,V1545,V1546,V1547,V1548,V1549,V1550,V1551,V1552,V1553,V1554,V1555,V1556,V1557,V1558,V1559,V1560,V1561,V1562,V1563,V1564,V1565,V1566,V1567,V1568,V1569,V1570,V1571,V1572,V1573,V1574,V1575,V1576,V1577,V1578,V1579,V1580,V1581,V1582,V1583,V1584,V1585,V1586,V1587,V1588,V1589,V1590,V1591,V1592,V1593,V1594,V1595,V1596,V1597,V1598,V1599,V1600,V1601,V1602,V1603,V1604,V1605,V1606,V1607,V1608,V1609,V1610,V1611,V1612,V1613,V1614,V1615,V1616,V1617,V1618,V1619,V1620,V1621,V1622,V1623,V1624,V1625,V1626,V1627,V1628,V1629,V1630,V1631,V1632,V1633,V1634,V1635,V1636,V1637,V1638,V1639,V1640,V1641,V1642,V1643,V1644,V1645,V1646,V1647,V1648,V1649,V1650,V1651,V1652,V1653,V1654,V1655,V1656,V1657,V1658,V1659,V1660,V1661,V1662,V1663,V1664,V1665,V1666,V1667,V1668,V1669,V1670,V1671,V1672,V1673,V1674,V1675,V1676,V1677,V1678,V1679,V1680,V1681,V1682,V1683,V1684,V1685,V1686,V1687,V1688,V1689,V1690,V1691,V1692,V1693,V1694,V1695,V1696,V1697,V1698,V1699,V1700,V1701,V1702,V1703,V1704,V1705,V1706,V1707,V1708,V1709,V1710,V1711,V1712,V1713,V1714,V1715,V1716,V1717,V1718,V1719,V1720,V1721,V1722,V1723,V1724,V1725,V1726,V1727,V1728,V1729,V1730,V1731,V1732,V1733,V1734,V1735,V1736,V1737,V1738,V1739,V1740,V1741,V1742,V1743,V1744,V1745,V1746,V1747,V1748,V1749,V1750,V1751,V1752,V1753,V1754,V1755,V1756,V1757,V1758,V1759,V1760,V1761,V1762,V1763,V1764,V1765,V1766,V1767,V1768,V1769,V1770,V1771,V1772,V1773,V1774,V1775,V1776,V1777,V1778,V1779,V1780,V1781,V1782,V1783,V1784,V1785,V1786,V1787,V1788,V1789,V1790,V1791,V1792,V1793,V1794,V1795,V1796,V1797,V1798,V1799,V1800,V1801,V1802,V1803,V1804,V1805,V1806,V1807,V1808,V1809,V1810,V1811,V1812,V1813,V1814,V1815,V1816,V1817,V1818,V1819,V1820,V1821,V1822,V1823,V1824,V1825,V1826,V1827,V1828,V1829,V1830,V1831,V1832,V1833,V1834,V1835,V1836,V1837,V1838,V1839,V1840,V1841,V1842,V1843,V1844,V1845,V1846,V1847,V1848,V1849,V1850,V1851,V1852,V1853,V1854,V1855,V1856,V1857,V1858,V1859,V1860,V1861,V1862,V1863,V1864,V1865,V1866,V1867,V1868,V1869,V1870,V1871,V1872,V1873,V1874,V1875,V1876,V1877,V1878,V1879,V1880,V1881,V1882,V1883,V1884,V1885,V1886,V1887,V1888,V1889,V1890,V1891,V1892,V1893,V1894,V1895,V1896,V1897,V1898,V1899,V1900,V1901,V1902,V1903,V1904,V1905,V1906,V1907,V1908,V1909,V1910,V1911,V1912,V1913,V1914,V1915,V1916,V1917,V1918,V1919,V1920,V1921,V1922,V1923,V1924,V1925,V1926,V1927,V1928,V1929,V1930,V1931,V1932,V1933,V1934,V1935,V1936,V1937,V1938,V1939,V1940,V1941,V1942,V1943,V1944,V1945,V1946,V1947,V1948,V1949,V1950,V1951,V1952,V1953,V1954,V1955,V1956,V1957,V1958,V1959,V1960,V1961,V1962,V1963,V1964,V1965,V1966,V1967,V1968,V1969,V1970,V1971,V1972,V1973,V1974,V1975,V1976,V1977,V1978,V1979,V1980,V1981,V1982,V1983,V1984,V1985,V1986,V1987,V1988,V1989,V1990,V1991,V1992,V1993,V1994,V1995,V1996,V1997,V1998,V1999,V2000,V2001,V2002,V2003,V2004,V2005,V2006,V2007,V2008,V2009,V2010,V2011,V2012,V2013,V2014,V2015,V2016,V2017,V2018,V2019,V2020,V2021,V2022,V2023,V2024,V2025,V2026,V2027,V2028,V2029,V2030,V2031,V2032,V2033,V2034,V2035,V2036,V2037,V2038,V2039,V2040,V2041,V2042,V2043,V2044,V2045,V2046,V2047,V2048,V2049,V2050,V2051,V2052,V2053,V2054,V2055,V2056,V2057,V2058,V2059,V2060,V2061,V2062,V2063,V2064,V2065,V2066,V2067,V2068,V2069,V2070,V2071,V2072,V2073,V2074,V2075,V2076,V2077,V2078,V2079,V2080,V2081,V2082,V2083,V2084,V2085,V2086,V2087,V2088,V2089,V2090,V2091,V2092,V2093,V2094,V2095,V2096,V2097,V2098,V2099,V2100,V2101,V2102,V2103,V2104,V2105,V2106,V2107,V2108,V2109,V2110,V2111,V2112,V2113,V2114,V2115,V2116,V2117,V2118,V2119,V2120,V2121,V2122,V2123,V2124,V2125,V2126,V2127,V2128,V2129,V2130,V2131,V2132,V2133,V2134,V2135,V2136,V2137,V2138,V2139,V2140,V2141,V2142,V2143,V2144,V2145,V2146,V2147,V2148,V2149,V2150,V2151,V2152,V2153,V2154,V2155,V2156,V2157,V2158,V2159,V2160,V2161,V2162,V2163,V2164,V2165,V2166,V2167,V2168,V2169,V2170,V2171,V2172,V2173,V2174,V2175,V2176,V2177,V2178,V2179,V2180,V2181,V2182,V2183,V2184,V2185,V2186,V2187,V2188,V2189,V2190,V2191,V2192,V2193,V2194,V2195,V2196,V2197,V2198,V2199,V2200,V2201,V2202,V2203,V2204,V2205,V2206,V2207,V2208,V2209,V2210,V2211,V2212,V2213,V2214,V2215,V2216,V2217,V2218,V2219,V2220,V2221,V2222,V2223,V2224,V2225,V2226,V2227,V2228,V2229,V2230,V2231,V2232,V2233,V2234,V2235,V2236,V2237,V2238,V2239,V2240,V2241,V2242,V2243,V2244,V2245,V2246,V2247,V2248,V2249,V2250,V2251,V2252,V2253,V2254,V2255,V2256,V2257,V2258,V2259,V2260,V2261,V2262,V2263,V2264,V2265,V2266,V2267,V2268,V2269,V2270,V2271,V2272,V2273,V2274,V2275,V2276,V2277,V2278,V2279,V2280,V2281,V2282,V2283,V2284,V2285,V2286,V2287,V2288,V2289,V2290,V2291,V2292,V2293,V2294,V2295,V2296,V2297,V2298,V2299,V2300,V2301,V2302,V2303,V2304,V2305,V2306,V2307,V2308,V2309,V2310,V2311,V2312,V2313,V2314,V2315,V2316,V2317,V2318,V2319,V2320,V2321,V2322,V2323,V2324,V2325,V2326,V2327,V2328,V2329,V2330,V2331,V2332,V2333,V2334,V2335,V2336,V2337,V2338,V2339,V2340,V2341,V2342,V2343,V2344,V2345,V2346,V2347,V2348,V2349,V2350,V2351,V2352,V2353,V2354,V2355,V2356,V2357,V2358,V2359,V2360,V2361,V2362,V2363,V2364,V2365,V2366,V2367,V2368,V2369,V2370,V2371,V2372,V2373,V2374,V2375,V2376,V2377,V2378,V2379,V2380,V2381,V2382,V2383,V2384,V2385,V2386,V2387,V2388,V2389,V2390,V2391,V2392,V2393,V2394,V2395,V2396,V2397,V2398,V2399,V2400,V2401,V2402,V2403,V2404,V2405,V2406,V2407,V2408,V2409,V2410,V2411,V2412,V2413,V2414,V2415,V2416,V2417,V2418,V2419,V2420,V2421,V2422,V2423,V2424,V2425,V2426,V2427,V2428,V2429,V2430,V2431,V2432,V2433,V2434,V2435,V2436,V2437,V2438,V2439,V2440,V2441,V2442,V2443,V2444,V2445,V2446,V2447,V2448,V2449,V2450,V2451,V2452,V2453,V2454,V2455,V2456,V2457,V2458,V2459,V2460,V2461,V2462,V2463,V2464,V2465,V2466,V2467,V2468,V2469,V2470,V2471,V2472,V2473,V2474,V2475,V2476,V2477,V2478,V2479,V2480,V2481,V2482,V2483,V2484,V2485,V2486,V2487,V2488,V2489,V2490,V2491,V2492,V2493,V2494,V2495,V2496,V2497,V2498,V2499,V2500,V2501,V2502,V2503,V2504,V2505,V2506,V2507,V2508,V2509,V2510,V2511,V2512,V2513,V2514,V2515,V2516,V2517,V2518,V2519,V2520,V2521,V2522,V2523,V2524,V2525,V2526,V2527,V2528,V2529,V2530,V2531,V2532,V2533,V2534,V2535,V2536,V2537,V2538,V2539,V2540,V2541,V2542,V2543,V2544,V2545,V2546,V2547,V2548,V2549,V2550,V2551,V2552,V2553,V2554,V2555,V2556,V2557,V2558,V2559,V2560,V2561,V2562,V2563,V2564,V2565,V2566,V2567,V2568,V2569,V2570,V2571,V2572,V2573,V2574,V2575,V2576,V2577,V2578,V2579,V2580,V2581,V2582,V2583,V2584,V2585,V2586,V2587,V2588,V2589,V2590,V2591,V2592,V2593,V2594,V2595,V2596,V2597,V2598,V2599,V2600,V2601,V2602,V2603,V2604,V2605,V2606,V2607,V2608,V2609,V2610,V2611,V2612,V2613,V2614,V2615,V2616,V2617,V2618,V2619,V2620,V2621,V2622,V2623,V2624,V2625,V2626,V2627,V2628,V2629,V2630,V2631,V2632,V2633,V2634,V2635,V2636,V2637,V2638,V2639,V2640,V2641,V2642,V2643,V2644,V2645,V2646,V2647,V2648,V2649,V2650,V2651,V2652,V2653,V2654,V2655,V2656,V2657,V2658,V2659,V2660,V2661,V2662,V2663,V2664,V2665,V2666,V2667,V2668,V2669,V2670,V2671,V2672,V2673,V2674,V2675,V2676,V2677,V2678,V2679,V2680,V2681,V2682,V2683,V2684,V2685,V2686,V2687,V2688,V2689,V2690,V2691,V2692,V2693,V2694,V2695,V2696,V2697,V2698,V2699,V2700,V2701,V2702,V2703,V2704,V2705,V2706,V2707,V2708,V2709,V2710,V2711,V2712,V2713,V2714,V2715,V2716,V2717,V2718,V2719,V2720,V2721,V2722,V2723,V2724,V2725,V2726,V2727,V2728,V2729,V2730,V2731,V2732,V2733,V2734,V2735,V2736,V2737,V2738,V2739,V2740,V2741,V2742,V2743,V2744,V2745,V2746,V2747,V2748,V2749,V2750,V2751,V2752,V2753,V2754,V2755,V2756,V2757,V2758,V2759,V2760,V2761,V2762,V2763,V2764,V2765,V2766,V2767,V2768,V2769,V2770,V2771,V2772,V2773,V2774,V2775,V2776,V2777,V2778,V2779,V2780,V2781,V2782,V2783,V2784,V2785,V2786,V2787,V2788,V2789,V2790,V2791,V2792,V2793,V2794,V2795,V2796,V2797,V2798,V2799,V2800,V2801,V2802,V2803,V2804,V2805,V2806,V2807,V2808,V2809,V2810,V2811,V2812,V2813,V2814,V2815,V2816,V2817,V2818,V2819,V2820,V2821,V2822,V2823,V2824,V2825,V2826,V2827,V2828,V2829,V2830,V2831,V2832,V2833,V2834,V2835,V2836,V2837,V2838,V2839,V2840,V2841,V2842,V2843,V2844,V2845,V2846,V2847,V2848,V2849,V2850,V2851,V2852,V2853,V2854,V2855,V2856,V2857,V2858,V2859,V2860,V2861,V2862,V2863,V2864,V2865,V2866,V2867,V2868,V2869,V2870,V2871,V2872,V2873,V2874,V2875,V2876,V2877,V2878,V2879,V2880,V2881,V2882,V2883,V2884,V2885,V2886,V2887,V2888,V2889,V2890,V2891,V2892,V2893,V2894,V2895,V2896,V2897,V2898,V2899,V2900,V2901,V2902,V2903,V2904,V2905,V2906,V2907,V2908,V2909,V2910,V2911,V2912,V2913,V2914,V2915,V2916,V2917,V2918,V2919,V2920,V2921,V2922,V2923,V2924,V2925,V2926,V2927,V2928,V2929,V2930,V2931,V2932,V2933,V2934,V2935,V2936,V2937,V2938,V2939,V2940,V2941,V2942,V2943,V2944,V2945,V2946,V2947,V2948,V2949,V2950,V2951,V2952,V2953,V2954,V2955,V2956,V2957,V2958,V2959,V2960,V2961,V2962,V2963,V2964,V2965,V2966,V2967,V2968,V2969,V2970,V2971,V2972,V2973,V2974,V2975,V2976,V2977,V2978,V2979,V2980,V2981,V2982,V2983,V2984,V2985,V2986,V2987,V2988,V2989,V2990,V2991,V2992,V2993,V2994,V2995,V2996,V2997,V2998,V2999,V3000,V3001,V3002,V3003,V3004,V3005,V3006,V3007,V3008,V3009,V3010,V3011,V3012,V3013,V3014,V3015,V3016,V3017,V3018,V3019,V3020,V3021,V3022,V3023,V3024,V3025,V3026,V3027,V3028,V3029,V3030,V3031,V3032,V3033,V3034,V3035,V3036,V3037,V3038,V3039,V3040,V3041,V3042,V3043,V3044,V3045,V3046,V3047,V3048,V3049,V3050,V3051,V3052,V3053,V3054,V3055,V3056,V3057,V3058,V3059,V3060,V3061,V3062,V3063,V3064,V3065,V3066,V3067,V3068,V3069,V3070,V3071,V3072,V3073,V3074,V3075,V3076,V3077,V3078,V3079,V3080,V3081,V3082,V3083,V3084,V3085,V3086,V3087,V3088,V3089,V3090,V3091,V3092,V3093,V3094,V3095,V3096,V3097,V3098,V3099,V3100,V3101,V3102,V3103,V3104,V3105,V3106,V3107,V3108,V3109,V3110,V3111,V3112,V3113,V3114,V3115,V3116,V3117,V3118,V3119,V3120,V3121,V3122,V3123,V3124,V3125,V3126,V3127,V3128,V3129,V3130,V3131,V3132,V3133,V3134,V3135,V3136,V3137,V3138,V3139,V3140,V3141,V3142,V3143,V3144,V3145,V3146,V3147,V3148,V3149,V3150,V3151,V3152,V3153,V3154,V3155,V3156,V3157,V3158,V3159,V3160,V3161,V3162,V3163,V3164,V3165,V3166,V3167,V3168,V3169,V3170,V3171,V3172,V3173,V3174,V3175,V3176,V3177,V3178,V3179,V3180,V3181,V3182,V3183,V3184,V3185,V3186,V3187,V3188,V3189,V3190,V3191,V3192,V3193,V3194,V3195,V3196,V3197,V3198,V3199,V3200,V3201,V3202,V3203,V3204,V3205,V3206,V3207,V3208,V3209,V3210,V3211,V3212,V3213,V3214,V3215,V3216,V3217,V3218,V3219,V3220,V3221,V3222,V3223,V3224,V3225,V3226,V3227,V3228,V3229,V3230,V3231,V3232,V3233,V3234,V3235,V3236,V3237,V3238,V3239,V3240,V3241,V3242,V3243,V3244,V3245,V3246,V3247,V3248,V3249,V3250,V3251,V3252,V3253,V3254,V3255,V3256,V3257,V3258,V3259,V3260,V3261,V3262,V3263,V3264,V3265,V3266,V3267,V3268,V3269,V3270,V3271,V3272,V3273,V3274,V3275,V3276,V3277,V3278,V3279,V3280,V3281,V3282,V3283,V3284,V3285,V3286,V3287,V3288,V3289,V3290,V3291,V3292,V3293,V3294,V3295,V3296,V3297,V3298,V3299,V3300,V3301,V3302,V3303,V3304,V3305,V3306,V3307,V3308,V3309,V3310,V3311,V3312,V3313,V3314,V3315,V3316,V3317,V3318,V3319,V3320,V3321,V3322,V3323,V3324,V3325,V3326,V3327,V3328,V3329,V3330,V3331,V3332,V3333,V3334,V3335,V3336,V3337,V3338,V3339,V3340,V3341,V3342,V3343,V3344,V3345,V3346,V3347,V3348,V3349,V3350,V3351,V3352,V3353,V3354,V3355,V3356,V3357,V3358,V3359,V3360,V3361,V3362,V3363,V3364,V3365,V3366,V3367,V3368,V3369,V3370,V3371,V3372,V3373,V3374,V3375,V3376,V3377,V3378,V3379,V3380,V3381,V3382,V3383,V3384,V3385,V3386,V3387,V3388,V3389,V3390,V3391,V3392,V3393,V3394,V3395,V3396,V3397,V3398,V3399,V3400,V3401,V3402,V3403,V3404,V3405,V3406,V3407,V3408,V3409,V3410,V3411,V3412,V3413,V3414,V3415,V3416,V3417,V3418,V3419,V3420,V3421,V3422,V3423,V3424,V3425,V3426,V3427,V3428,V3429,V3430,V3431,V3432,V3433,V3434,V3435,V3436,V3437,V3438,V3439,V3440,V3441,V3442,V3443,V3444,V3445,V3446,V3447,V3448,V3449,V3450,V3451,V3452,V3453,V3454,V3455,V3456,V3457,V3458,V3459,V3460,V3461,V3462,V3463,V3464,V3465,V3466,V3467,V3468,V3469,V3470,V3471,V3472,V3473,V3474,V3475,V3476,V3477,V3478,V3479,V3480,V3481,V3482,V3483,V3484,V3485,V3486,V3487,V3488,V3489,V3490,V3491,V3492,V3493,V3494,V3495,V3496,V3497,V3498,V3499,V3500,V3501,V3502,V3503,V3504,V3505,V3506,V3507,V3508,V3509,V3510,V3511,V3512,V3513,V3514,V3515,V3516,V3517,V3518,V3519,V3520,V3521,V3522,V3523,V3524,V3525,V3526,V3527,V3528,V3529,V3530,V3531,V3532,V3533,V3534,V3535,V3536,V3537,V3538,V3539,V3540,V3541,V3542,V3543,V3544,V3545,V3546,V3547,V3548,V3549,V3550,V3551,V3552,V3553,V3554,V3555,V3556,V3557,V3558,V3559,V3560,V3561,V3562,V3563,V3564,V3565,V3566,V3567,V3568,V3569,V3570,V3571,V3572,V3573,V3574,V3575,V3576,V3577,V3578,V3579,V3580,V3581,V3582,V3583,V3584,V3585,V3586,V3587,V3588,V3589,V3590,V3591,V3592,V3593,V3594,V3595,V3596,V3597,V3598,V3599,V3600,V3601,V3602,V3603,V3604,V3605,V3606,V3607,V3608,V3609,V3610,V3611,V3612,V3613,V3614,V3615,V3616,V3617,V3618,V3619,V3620,V3621,V3622,V3623,V3624,V3625,V3626,V3627,V3628,V3629,V3630,V3631,V3632,V3633,V3634,V3635,V3636,V3637,V3638,V3639,V3640,V3641,V3642,V3643,V3644,V3645,V3646,V3647,V3648,V3649,V3650,V3651,V3652,V3653,V3654,V3655,V3656,V3657,V3658,V3659,V3660,V3661,V3662,V3663,V3664,V3665,V3666,V3667,V3668,V3669,V3670,V3671,V3672,V3673,V3674,V3675,V3676,V3677,V3678,V3679,V3680,V3681,V3682,V3683,V3684,V3685,V3686,V3687,V3688,V3689,V3690,V3691,V3692,V3693,V3694,V3695,V3696,V3697,V3698,V3699,V3700,V3701,V3702,V3703,V3704,V3705,V3706,V3707,V3708,V3709,V3710,V3711,V3712,V3713,V3714,V3715,V3716,V3717,V3718,V3719,V3720,V3721,V3722,V3723,V3724,V3725,V3726,V3727,V3728,V3729,V3730,V3731,V3732,V3733,V3734,V3735,V3736,V3737,V3738,V3739,V3740,V3741,V3742,V3743,V3744,V3745,V3746,V3747,V3748,V3749,V3750,V3751,V3752,V3753,V3754,V3755,V3756,V3757,V3758,V3759,V3760,V3761,V3762,V3763,V3764,V3765,V3766,V3767,V3768,V3769,V3770,V3771,V3772,V3773,V3774,V3775,V3776,V3777,V3778,V3779,V3780,V3781,V3782,V3783,V3784,V3785,V3786,V3787,V3788,V3789,V3790,V3791,V3792,V3793,V3794,V3795,V3796,V3797,V3798,V3799,V3800,V3801,V3802,V3803,V3804,V3805,V3806,V3807,V3808,V3809,V3810,V3811,V3812,V3813,V3814,V3815,V3816,V3817,V3818,V3819,V3820,V3821,V3822,V3823,V3824,V3825,V3826,V3827,V3828,V3829,V3830,V3831,V3832,V3833,V3834,V3835,V3836,V3837,V3838,V3839,V3840,V3841,V3842,V3843,V3844,V3845,V3846,V3847,V3848,V3849,V3850,V3851,V3852,V3853,V3854,V3855,V3856,V3857,V3858,V3859,V3860,V3861,V3862,V3863,V3864,V3865,V3866,V3867,V3868,V3869,V3870,V3871,V3872,V3873,V3874,V3875,V3876,V3877,V3878,V3879,V3880,V3881,V3882,V3883,V3884,V3885,V3886,V3887,V3888,V3889,V3890,V3891,V3892,V3893,V3894,V3895,V3896,V3897,V3898,V3899,V3900,V3901,V3902,V3903,V3904,V3905,V3906,V3907,V3908,V3909,V3910,V3911,V3912,V3913,V3914,V3915,V3916,V3917,V3918,V3919,V3920,V3921,V3922,V3923,V3924,V3925,V3926,V3927,V3928,V3929,V3930,V3931,V3932,V3933,V3934,V3935,V3936,V3937,V3938,V3939,V3940,V3941,V3942,V3943,V3944,V3945,V3946,V3947,V3948,V3949,V3950,V3951,V3952,V3953,V3954,V3955,V3956,V3957,V3958,V3959,V3960,V3961,V3962,V3963,V3964,V3965,V3966,V3967,V3968,V3969,V3970,V3971,V3972,V3973,V3974,V3975,V3976,V3977,V3978,V3979,V3980,V3981,V3982,V3983,V3984,V3985,V3986,V3987,V3988,V3989,V3990,V3991,V3992,V3993,V3994,V3995,V3996,V3997,V3998,V3999,V4000
0.34690000000000043,0.36810000000000065,0.3620000000000006,0.3497000000000005,0.36200000000000054,0.35070000000000046,0.35980000000000056,0.34740000000000054,0.3485000000000004,0.3502000000000005,0.34700000000000053,0.3621000000000006,0.3550000000000004,0.35700000000000015,0.25689999999999996,0.25,0.25689999999999996,0.24490000000000006,0.3444000000000002,0.35040000000000027,0.35640000000000016,0.35440000000000027,0.35870000000000024,0.3585000000000002,0.35320000000000024,0.3709000000000002,0.35420000000000024,0.3465000000000002,0.37369999999999953,0.36279999999999984,0.3730999999999998,0.3619999999999998,0.37269999999999975,0.36759999999999976,0.3526999999999999,0.37209999999999993,0.3736999999999999,0.3940999999999997,0.38979999999999954,0.39959999999999957,0.3888999999999998,0.38969999999999955,0.4180999999999997,0.43659999999999954,0.38929999999999965,0.3997999999999997,0.40489999999999954,0.4146999999999996,0.3982999999999995,0.39149999999999957,0.40069999999999967,0.3872999999999997,0.40419999999999945,0.3760999999999997,0.3729999999999998,0.3818999999999996,0.3801999999999996,0.41089999999999954,0.4036999999999996,0.4022999999999995,0.38539999999999963,0.3908999999999999,0.39669999999999983,0.3755999999999997,0.38109999999999977,0.39609999999999973,0.4046999999999997,0.4033999999999996,0.4126999999999996,0.41889999999999966,0.3873999999999998,0.38049999999999967,0.39039999999999964,0.38549999999999973,0.40899999999999964,0.39929999999999966,0.38719999999999966,0.39459999999999973,0.3778999999999998,0.4044999999999996,0.3956999999999995,0.3789999999999998,0.3870999999999997,0.3977999999999997,0.40249999999999964,0.4109999999999996,0.4164999999999997,0.4145999999999996,0.3960999999999996,0.4154999999999995,0.3987999999999998,0.40259999999999957,0.4145999999999994,0.4039999999999997,0.41039999999999954,0.4051999999999996,0.40099999999999975,0.4126999999999996,0.4121999999999995,0.39649999999999946,0.40739999999999965,0.41119999999999957,0.37790000000000007,0.4059999999999998,0.4032999999999996,0.41839999999999977,0.41799999999999976,0.41489999999999966,0.40149999999999975,0.40989999999999965,0.39299999999999974,0.39439999999999986,0.36959999999999993,0.4146999999999997,0.41409999999999975,0.40539999999999954,0.39589999999999975,0.3936,0.42229999999999973,0.4142999999999998,0.39439999999999986,0.40069999999999983,0.3846999999999998,0.3944,0.3880000000000001,0.4188999999999999,0.3987999999999998,0.41839999999999977,0.4303999999999997,0.40769999999999984,0.4039999999999999,0.4004999999999997,0.3840999999999996,0.36609999999999965,0.3687999999999996,0.36509999999999965,0.3664999999999997,0.3629999999999997,0.3523999999999997,0.37079999999999946,0.35979999999999956,0.3622999999999997,0.37619999999999965,0.3341999999999997,0.3737999999999996,0.36399999999999966,0.3971999999999997,0.38589999999999974,0.40809999999999974,0.4080999999999998,0.3994999999999996,0.4113999999999997,0.41209999999999963,0.4000999999999997,0.38849999999999973,0.4220999999999997,0.4207999999999996,0.41799999999999954,0.3794999999999997,0.38829999999999976,0.4076999999999997,0.3788999999999998,0.40839999999999976,0.41279999999999967,0.39749999999999963,0.42279999999999957,0.4138999999999996,0.43309999999999943,0.40699999999999986,0.39999999999999963,0.40429999999999977,0.40629999999999966,0.39789999999999986,0.4197999999999996,0.3959999999999998,0.39409999999999984,0.3898999999999998,0.41179999999999967,0.40249999999999964,0.4024999999999996,0.39829999999999965,0.37989999999999957,0.4025999999999996,0.4093999999999996,0.4040999999999997,0.40139999999999965,0.39889999999999964,0.40899999999999964,0.42689999999999956,0.4094999999999996,0.3947999999999997,0.4022999999999996,0.42529999999999957,0.40169999999999967,0.3925999999999998,0.4046999999999996,0.40379999999999966,0.4072999999999996,0.39529999999999954,0.3936999999999996,0.4223999999999995,0.39669999999999983,0.4257999999999997,0.4097999999999996,0.3907999999999997,0.4327999999999996,0.40689999999999976,0.4012999999999998,0.3988999999999998,0.41909999999999975,0.4001999999999997,0.40009999999999957,0.3964999999999997,0.4358999999999995,0.4112999999999997,0.3993999999999997,0.41149999999999964,0.41319999999999973,0.4084999999999996,0.4125999999999996,0.40099999999999975,0.42359999999999964,0.4236999999999995,0.4097999999999996,0.43369999999999953,0.4212999999999997,0.4254999999999997,0.42949999999999977,0.38939999999999975,0.4225999999999997,0.42339999999999983,0.43799999999999967,0.4560999999999996,0.4204999999999996,0.3959999999999995,0.4288999999999997,0.4303999999999998,0.4356999999999996,0.40959999999999963,0.44779999999999953,0.4042999999999997,0.4115999999999997,0.4116999999999997,0.4089999999999996,0.3969999999999998,0.4437999999999996,0.4234999999999996,0.4422999999999997,0.3919999999999997,0.4474999999999995,0.4763999999999995,0.4474999999999996,0.4497999999999996,0.4335999999999995,0.44579999999999953,0.46769999999999956,0.4355999999999996,0.42529999999999946,0.43979999999999964,0.41699999999999965,0.4164999999999995,0.4062999999999997,0.3906999999999997,0.39029999999999965,0.4150999999999997,0.4053999999999997,0.38149999999999973,0.3895999999999998,0.37729999999999975,0.4046999999999998,0.3955999999999997,0.39449999999999974,0.3987999999999996,0.3824999999999998,0.37319999999999987,0.4066999999999995,0.3990999999999996,0.3674999999999997,0.4036999999999998,0.40449999999999975,0.4160999999999996,0.3840999999999998,0.4148999999999997,0.39529999999999965,0.4157999999999996,0.37939999999999974,0.3961999999999998,0.40819999999999956,0.3975999999999998,0.37309999999999977,0.4142999999999998,0.4027999999999997,0.4016999999999996,0.3985999999999996,0.3702999999999998,0.39549999999999974,0.41029999999999966,0.3811999999999998,0.39799999999999974,0.38019999999999965,0.40049999999999986,0.3763999999999996,0.38959999999999956,0.39519999999999966,0.3817999999999997,0.4052999999999997,0.39889999999999964,0.36820000000000036,0.3448999999999996,0.3520999999999996,0.3526999999999997,0.3473999999999996,0.3408999999999996,0.35539999999999977,0.3622000000000006,0.40150000000000013,0.379,0.3647999999999999,0.35469999999999985,0.35609999999999997,0.36619999999999986,0.3461999999999999,0.35969999999999996,0.34099999999999997,0.37229999999999985,0.34199999999999986,0.3654000000000002,0.35860000000000014,0.3453000000000002,0.3350000000000003,0.34990000000000016,0.3503000000000003,0.37370000000000003,0.3749,0.37140000000000023,0.35800000000000026,0.35620000000000024,0.37870000000000004,0.36960000000000015,0.3743000000000002,0.3471000000000003,0.37420000000000003,0.38150000000000006,0.3821000000000001,0.3679000000000001,0.3849000000000001,0.38260000000000005,0.3624000000000002,0.3624000000000002,0.36820000000000014,0.3709000000000002,0.36750000000000016,0.3648000000000002,0.3667000000000001,0.33540000000000014,0.30329999999999996,0.32160000000000005,0.31170000000000003,0.308,0.3023,0.2968999999999999,0.2840999999999998,0.30269999999999997,0.2963999999999999,0.29979999999999984,0.29849999999999993,0.29759999999999986,0.30529999999999985,0.2924999999999998,0.3167999999999999,0.3037999999999999,0.30259999999999987,0.2913,0.30469999999999986,0.2873999999999998,0.2911999999999999,0.2952999999999999,0.29759999999999986,0.3051999999999998,0.2929999999999999,0.2997999999999999,0.3240999999999998,0.2999999999999997,0.2948999999999997,0.2768999999999997,0.29049999999999976,0.3093999999999998,0.2891999999999999,0.24600000000000002,0.23759999999999995,0.23389999999999997,0.22729999999999995,0.24419999999999994,0.2452,0.22829999999999995,0.23989999999999992,0.24590000000000004,0.24579999999999988,0.23039999999999997,0.24259999999999995,0.30569999999999964,0.35169999999999974,0.36639999999999984,0.34609999999999985,0.3469999999999998,0.3361999999999999,0.3568999999999999,0.3454999999999999,0.35449999999999987,0.3582999999999999,0.35739999999999983,0.38699999999999996,0.3604,0.3814999999999998,0.35569999999999985,0.3489999999999999,0.35949999999999993,0.3870000000000003,0.37030000000000024,0.36800000000000027,0.3646000000000003,0.3710000000000003,0.3648000000000004,0.39110000000000045,0.36830000000000035,0.3806000000000003,0.38360000000000033,0.37100000000000044,0.3750000000000003,0.3837000000000004,0.3817000000000003,0.3772000000000005,0.37510000000000043,0.37770000000000037,0.3978000000000005,0.38330000000000014,0.3727000000000003,0.3865000000000004,0.3774000000000003,0.37730000000000014,0.3809,0.36440000000000006,0.34430000000000005,0.3592000000000001,0.35820000000000013,0.3670000000000001,0.3528000000000002,0.3423000000000001,0.35170000000000007,0.34480000000000016,0.3564,0.3426000000000002,0.36430000000000007,0.37250000000000005,0.3622000000000001,0.3563,0.3508000000000001,0.3413000000000002,0.3634000000000001,0.37560000000000004,0.35480000000000006,0.33270000000000016,0.35430000000000006,0.36390000000000017,-0.37910000000000005,0.35969999999999996,0.3807999999999999,0.36279999999999996,0.3599999999999999,0.37709999999999977,0.37099999999999994,0.35760000000000003,0.3995000000000002,0.3659999999999997,0.3648999999999998,0.3811999999999998,0.36919999999999986,0.3563999999999998,0.34569999999999973,0.3638999999999999,0.36699999999999994,0.34809999999999974,0.3753000000000003,0.3983999999999998,0.38579999999999987,0.3877999999999998,0.3926999999999998,0.3978999999999999,0.3982999999999998,0.3956000000000002,0.3229000000000002,0.34290000000000004,0.3471000000000001,0.3170000000000001,0.38429999999999964,0.37719999999999987,0.36190000000000005,0.3733999999999999,0.3888999999999998,0.40879999999999966,0.39129999999999976,0.3786999999999998,0.3845999999999999,0.39219999999999977,0.4079999999999997,0.3513,0.38849999999999985,0.39249999999999985,0.39549999999999974,0.41089999999999965,0.40499999999999986,0.4082999999999996,0.3947999999999998,0.3849999999999998,0.3812999999999998,0.39009999999999984,0.4133999999999996,0.4089999999999997,0.42259999999999964,0.39599999999999985,0.4117999999999997,0.39679999999999993,0.38579999999999975,0.36810000000000004,0.35429999999999995,0.37669999999999987,0.36989999999999995,0.3845999999999998,0.39369999999999983,0.38489999999999974,0.3947999999999997,0.3802999999999999,0.37189999999999984,0.3798999999999998,0.3996999999999998,0.37509999999999993,0.4050999999999997,0.38419999999999965,0.37939999999999996,0.4152999999999998,0.39659999999999973,0.3917999999999997,0.4016999999999997,0.38719999999999993,0.37859999999999977,0.39789999999999986,0.39299999999999974,0.3803999999999998,0.4072999999999998,0.3876999999999999,0.3839999999999998,0.3839999999999998,0.3805999999999998,0.3845999999999999,0.39179999999999965,0.4226999999999995,0.42029999999999973,0.4079999999999997,0.4035999999999998,0.39519999999999966,0.4272999999999996,0.4078999999999997,0.4027999999999998,0.40369999999999984,0.42439999999999956,0.39749999999999963,0.42049999999999976,0.40789999999999976,0.43259999999999976,0.40209999999999974,0.3837999999999998,0.3959999999999998,0.3817999999999998,0.39299999999999974,0.4056999999999998,0.37589999999999985,0.35609999999999986,0.4063999999999998,0.3604,0.4020999999999998,0.3804999999999999,0.37389999999999984,0.4046999999999997,0.39179999999999987,0.3706999999999998,0.3855999999999999,0.39299999999999974,0.39019999999999977,0.3885999999999997,0.4085999999999998,0.4003999999999997,0.39739999999999964,0.4024999999999997,0.38629999999999987,0.39989999999999976,0.39959999999999973,0.4035999999999999,0.4009999999999998,0.4250999999999997,0.4123999999999996,0.3887999999999998,0.40359999999999974,0.4338999999999997,0.37309999999999993,0.40899999999999975,0.4035999999999998,0.3853999999999998,0.3993999999999998,0.3863999999999998,0.4059999999999996,0.3625,0.40969999999999984,0.39189999999999975,0.4063999999999998,0.41659999999999975,0.3831999999999999,0.3667000000000001,0.4143999999999997,0.3832,0.3922999999999997,0.37760000000000005,0.3627,0.4081999999999997,0.39969999999999983,0.4037999999999998,0.41409999999999975,0.4130999999999996,0.41309999999999986,0.4196999999999996,0.38129999999999986,0.4190999999999996,0.4342999999999995,0.4005999999999996,0.3956999999999997,0.3734999999999999,0.39879999999999977,0.39709999999999984,0.3963999999999997,0.38059999999999966,0.39290000000000047,0.3645000000000004,0.3536000000000004,0.35980000000000045,0.3397000000000003,0.37440000000000034,0.4016000000000004,0.4022000000000004,0.3925000000000005,0.4083000000000005,0.3634000000000002,0.4000000000000003,0.39580000000000043,0.40010000000000046,0.38430000000000036,0.38710000000000044,0.38320000000000043,0.40250000000000036,0.38190000000000035,0.39820000000000033,0.39860000000000034,0.3826000000000004,0.3834000000000004,0.3875000000000004,0.3787000000000003,0.36800000000000027,0.38840000000000047,0.3877000000000004,0.37360000000000043,0.3857000000000005,0.38420000000000043,0.3827000000000003,0.3900000000000005,0.38720000000000043,0.4041000000000005,0.4029000000000004,0.41010000000000035,0.3812000000000005,0.3958000000000003,0.3837000000000004,0.38490000000000035,0.3573000000000004,0.3695000000000002,0.3847000000000003,0.3467000000000003,0.3559000000000003,0.36180000000000034,0.35890000000000044,0.42610000000000037,0.36570000000000036,0.3744000000000004,0.3699000000000004,0.3952000000000004,0.38780000000000037,0.3952000000000004,0.38370000000000026,0.38390000000000035,0.36000000000000026,0.4146000000000005,0.39780000000000043,0.38380000000000036,0.3794000000000004,0.3908000000000004,0.3780000000000004,0.37340000000000034,0.3744000000000004,0.36620000000000025,0.3580000000000003,0.3531000000000003,-0.09479999999999991,-0.09409999999999995,-0.09499999999999993,-0.10709999999999989,-0.14420000000000002,-0.15000000000000008,-0.12400000000000007,-0.12500000000000003,-0.13670000000000004,-0.11440000000000002,-0.11670000000000004,-0.1321,-0.12650000000000003,-0.13530000000000006,-0.12330000000000002,-0.08280000000000004,-0.13990000000000005,-0.12170000000000007,-0.14400000000000004,-0.13860000000000006,-0.15120000000000006,-0.13930000000000006,-0.21510000000000004,-0.19710000000000005,-0.14280000000000007,-0.12940000000000004,-0.14070000000000005,-0.14550000000000007,-0.14270000000000005,-0.14730000000000004,-0.14100000000000004,-0.14600000000000005,-0.15280000000000005,-0.15570000000000006,-0.1347000000000001,-0.12600000000000003,-0.1471000000000001,-0.13820000000000007,-0.13370000000000007,-0.15280000000000002,-0.14060000000000003,-0.14550000000000005,-0.13960000000000009,-0.14340000000000008,-0.15250000000000002,-0.13600000000000007,-0.1262000000000001,-0.13760000000000006,-0.14950000000000008,-0.15030000000000007,-0.14000000000000004,-0.14670000000000002,-0.14980000000000004,-0.12750000000000009,-0.14930000000000007,-0.14130000000000012,-0.14450000000000007,-0.1409000000000001,-0.12830000000000008,-0.12590000000000007,-0.13000000000000006,-0.13240000000000005,-0.1373000000000001,-0.13960000000000006,-0.14340000000000008,-0.1204,-0.15110000000000004,-0.12970000000000004,-0.1495999999999999,-0.1448,-0.13030000000000005,-0.14900000000000005,-0.1638999999999999,-0.1710999999999998,-0.17599999999999977,-0.17099999999999985,-0.1711999999999998,-0.1704999999999998,-0.17359999999999978,-0.1749999999999998,-0.17879999999999982,-0.1724999999999998,-0.1669999999999999,-0.1710999999999998,-0.16299999999999984,-0.17729999999999987,-0.1677999999999998,-0.18060000000000018,-0.18710000000000007,-0.19940000000000016,-0.19310000000000013,-0.1888000000000001,-0.1974000000000002,-0.1714000000000001,-0.18500000000000016,-0.16709999999999997,-0.13969999999999996,-0.1510999999999999,-0.13489999999999994,-0.14929999999999993,-0.16049999999999995,-0.1368999999999999,-0.11659999999999998,-0.12609999999999993,-0.1333999999999999,-0.14289999999999994,-0.14669999999999994,-0.14789999999999995,-0.15829999999999994,-0.12339999999999998,-0.14929999999999993,-0.13879999999999995,-0.1429,-0.15649999999999997,-0.13809999999999995,-0.14159999999999992,-0.14019999999999994,-0.14759999999999993,-0.15689999999999993,-0.15359999999999993,-0.1510999999999999,-0.13789999999999997,-0.1629999999999999,-0.15279999999999996,-0.13359999999999997,-0.15339999999999995,-0.15609999999999993,-0.16049999999999995,-0.149,-0.16149999999999992,-0.1578999999999999,-0.13639999999999997,-0.16210000000000002,-0.16779999999999998,-0.15759999999999996,-0.15239999999999995,-0.14689999999999995,-0.1359,-0.12829999999999997,-0.15249999999999994,-0.12979999999999994,-0.15239999999999995,-0.15659999999999996,-0.15479999999999994,-0.15009999999999996,-0.15379999999999996,-0.1414999999999999,-0.14809999999999995,-0.1493,-0.15339999999999995,-0.14979999999999993,-0.15019999999999997,-0.16510000000000002,-0.15899999999999995,-0.16039999999999996,-0.15209999999999999,-0.15019999999999997,-0.17409999999999998,-0.15259999999999996,-0.14599999999999996,-0.13539999999999996,-0.1580999999999999,-0.1387999999999999,-0.14099999999999993,-0.13979999999999995,-0.14789999999999995,-0.14239999999999994,-0.14779999999999993,-0.13959999999999997,-0.13909999999999995,-0.16149999999999998,-0.14699999999999996,-0.14479999999999998,-0.14419999999999994,-0.13819999999999993,-0.15249999999999994,-0.12359999999999996,-0.14309999999999995,-0.15929999999999994,-0.17590000000000003,-0.17010000000000003,-0.1437,-0.14950000000000002,-0.14799999999999996,-0.14909999999999995,-0.1533,-0.14819999999999997,-0.15469999999999995,-0.12759999999999994,-0.09089999999999998,-0.11779999999999999,-0.11809999999999996,-0.13529999999999995,-0.13629999999999995,-0.13389999999999996,-0.145,-0.12809999999999996,-0.14359999999999995,-0.14989999999999998,-0.0963,-0.13779999999999995,-0.14809999999999987,-0.13979999999999998,-0.12160000000000001,-0.14700000000000008,-0.17270000000000021,-0.1326000000000001,-0.14900000000000005,-0.15690000000000004,-0.12280000000000006,-0.15490000000000018,-0.14710000000000004,-0.13990000000000005,-0.16730000000000014,-0.18400000000000008,-0.1489000000000002,-0.16610000000000005,-0.15820000000000006,-0.15680000000000016,-0.14380000000000007,-0.17260000000000017,-0.15140000000000015,-0.1453000000000001,-0.1559000000000001,-0.16070000000000007,-0.1478000000000001,-0.14450000000000002,-0.12070000000000008,-0.12380000000000005,-0.14600000000000007,-0.13470000000000007,-0.1309000000000001,-0.1258,-0.15980000000000014,-0.12410000000000015,-0.11390000000000006,-0.15970000000000012,-0.13600000000000004,-0.14230000000000004,-0.13120000000000012,-0.13029999999999997,-0.13740000000000008,-0.13840000000000008,-0.14340000000000008,-0.13740000000000002,-0.14790000000000011,-0.13320000000000004,-0.13590000000000002,-0.14970000000000006,-0.1249000000000001,-0.11380000000000004,-0.1262000000000001,-0.15010000000000015,-0.16400000000000006,-0.14090000000000014,-0.12040000000000002,-0.11440000000000007,-0.08150000000000002,-0.11770000000000005,-0.10529999999999996,-0.11770000000000007,-0.12890000000000007,-0.11400000000000012,-0.09119999999999993,-0.12350000000000005,-0.08929999999999995,-0.08569999999999997,-0.11260000000000012,-0.10670000000000002,-0.11890000000000006,-0.10480000000000007,-0.12570000000000003,-0.09549999999999997,-0.10110000000000001,-0.09549999999999997,-0.12130000000000006,-0.10960000000000004,-0.08839999999999995,-0.10060000000000004,-0.10210000000000004,-0.11120000000000002,-0.0908,-0.10380000000000005,-0.09849999999999999,-0.12300000000000001,-0.11399999999999999,-0.10379999999999998,-0.11670000000000005,-0.12130000000000006,-0.10199999999999995,-0.1380000000000001,-0.3024999999999999,-0.10869999999999998,-0.12769999999999995,-0.055900000000000026,-0.04259999999999999,-0.12439999999999993,-0.091,-0.09210000000000006,-0.05820000000000003,-0.016299999999999995,-0.12699999999999995,-0.11159999999999998,-0.1155999999999999,-0.11369999999999994,-0.11739999999999993,-0.09759999999999998,-0.10549999999999997,-0.10579999999999998,-0.10329999999999996,-0.10039999999999999,-0.09730000000000004,-0.0885,-0.0935,-0.09359999999999996,-0.08110000000000005,-0.07970000000000005,-0.08250000000000003,-0.08800000000000002,-0.08580000000000002,-0.08640000000000002,-0.08220000000000006,-0.08430000000000003,-0.09430000000000004,-0.09129999999999999,-0.08939999999999998,-0.08150000000000009,-0.08560000000000002,-0.08970000000000006,-0.08140000000000006,-0.08150000000000007,-0.07570000000000006,-0.09150000000000004,-0.08060000000000006,-0.08720000000000003,-0.07990000000000008,-0.08150000000000007,-0.08120000000000006,-0.07400000000000004,-0.06740000000000003,-0.07540000000000008,-0.07540000000000005,-0.08950000000000007,-0.0965,-0.0996,-0.0907,-0.09879999999999999,-0.10229999999999999,-0.0944,-0.10459999999999996,-0.09839999999999993,-0.1047,-0.09010000000000003,-0.10910000000000013,-0.10120000000000008,-0.10390000000000006,-0.0943,-0.10500000000000007,-0.10870000000000005,-0.09440000000000003,-0.06469999999999994,-0.10230000000000002,-0.0943,-0.08869999999999996,-0.09100000000000003,-0.10600000000000008,-0.1095000000000001,-0.10770000000000009,-0.09250000000000004,-0.10730000000000013,-0.09870000000000001,-0.09310000000000004,-0.0868,-0.10610000000000012,-0.10610000000000008,-0.09480000000000002,-0.07779999999999994,-0.08349999999999996,-0.09990000000000004,-0.08519999999999998,-0.09280000000000004,-0.10060000000000002,-0.07399999999999995,-0.11340000000000014,-0.10880000000000013,-0.10560000000000008,-0.10800000000000008,-0.091,-0.10550000000000011,-0.11409999999999998,-0.0922,-0.09370000000000005,-0.09699999999999999,-0.09519999999999999,-0.0983,-0.07320000000000004,-0.08510000000000006,-0.0941,-0.0898,-0.09179999999999998,-0.09080000000000003,-0.08370000000000005,-0.09070000000000002,-0.09380000000000005,-0.08140000000000004,-0.08410000000000005,-0.08640000000000007,-0.0956,-0.09240000000000004,-0.09090000000000004,-0.08020000000000009,-0.08790000000000005,-0.09470000000000002,-0.08110000000000005,-0.09589999999999999,-0.07830000000000006,-0.08060000000000006,-0.0941,-0.0984,-0.09120000000000004,-0.09589999999999999,-0.10489999999999997,-0.0874,-0.09140000000000004,-0.09460000000000003,-0.0971,-0.09630000000000001,-0.09320000000000002,-0.16130000000000028,-0.18440000000000023,-0.1712000000000002,-0.18790000000000018,-0.18790000000000023,-0.17180000000000017,-0.1701000000000002,-0.14590000000000003,-0.10679999999999999,-0.10839999999999987,-0.09959999999999992,-0.1004999999999999,-0.09989999999999992,-0.09339999999999994,-0.10329999999999988,-0.10169999999999994,-0.09859999999999988,-0.10329999999999996,-0.09339999999999991,-0.09709999999999994,-0.10179999999999993,-0.10239999999999995,-0.1038999999999999,-0.09999999999999992,-0.0935999999999999,-0.09999999999999992,-0.09849999999999995,-0.0899999999999999,-0.1513999999999999,-0.16429999999999986,-0.1461999999999999,-0.14869999999999994,-0.1591999999999999,-0.13579999999999987,-0.15489999999999987,-0.14409999999999998,-0.14529999999999987,-0.16749999999999993,-0.15489999999999987,-0.1470999999999999,-0.15249999999999989,-0.15119999999999995,-0.15289999999999987,-0.15969999999999987,-0.13269999999999987,-0.15519999999999992,-0.1564999999999999,-0.1551999999999999,-0.15209999999999987,-0.1456999999999999,-0.15849999999999995,-0.1589999999999999,-0.1503999999999999,-0.1610999999999999,-0.15899999999999997,-0.1704,-0.16499999999999992,-0.15089999999999995,-0.14909999999999998,-0.1500999999999999,-0.15179999999999993,-0.1518999999999999,-0.14469999999999994,-0.14479999999999993,-0.14689999999999995,-0.14809999999999995,-0.14829999999999993,-0.1355999999999999,-0.13639999999999985,-0.14269999999999994,-0.1482999999999999,-0.14229999999999998,-0.14789999999999998,-0.15369999999999992,-0.15359999999999993,-0.1411999999999999,-0.15749999999999992,-0.1585999999999999,-0.14949999999999988,-0.14139999999999991,-0.15209999999999993,-0.1594999999999999,-0.14779999999999988,-0.14879999999999988,-0.14709999999999993,-0.1653999999999999,-0.1527999999999999,-0.15959999999999994,-0.16189999999999988,-0.1645999999999999,-0.14399999999999996,-0.15539999999999998,-0.15909999999999994,-0.15419999999999992,-0.15629999999999997,-0.1528999999999999,-0.15189999999999992,-0.15559999999999985,-0.15979999999999994,-0.14889999999999992,-0.14879999999999993,-0.14069999999999994,-0.1464999999999999,-0.1407999999999999,-0.14739999999999986,-0.13529999999999992,-0.14469999999999994,-0.13369999999999996,-0.13419999999999996,-0.15459999999999988,-0.17479999999999976,-0.1584999999999999,-0.15709999999999988,-0.15139999999999987,-0.16879999999999984,-0.1577999999999999,-0.16549999999999987,-0.1593999999999999,-0.15889999999999993,-0.16039999999999996,-0.14979999999999996,-0.17929999999999982,-0.17019999999999982,-0.16359999999999986,-0.16799999999999998,-0.1668999999999999,-0.1587999999999999,-0.1539999999999999,-0.16709999999999992,-0.15269999999999995,-0.16579999999999984,-0.1756999999999998,-0.21830000000000002,-0.20559999999999998,-0.2024,-0.1812,-0.18360000000000007,-0.20110000000000006,-0.1932,-0.18840000000000007,-0.1268000000000001,-0.12469999999999988,-0.12549999999999983,-0.12159999999999985,-0.10879999999999992,-0.11369999999999993,-0.1192999999999999,-0.12579999999999986,-0.10779999999999991,-0.0814,-0.07870000000000005,-0.08809999999999997,-0.09789999999999993,-0.09799999999999999,-0.09429999999999994,-0.11669999999999994,-0.1026,-0.10090000000000002,-0.09739999999999994,-0.09340000000000004,-0.11059999999999993,-0.09689999999999997,-0.11789999999999991,-0.09739999999999992,-0.1066999999999999,-0.11249999999999984,-0.10680000000000002,-0.11479999999999993,-0.10489999999999991,-0.09739999999999999,-0.1033999999999999,-0.11229999999999996,-0.10869999999999994,-0.10579999999999996,-0.10659999999999993,-0.1095999999999999,-0.12559999999999982,-0.11239999999999997,-0.1079999999999999,-0.10229999999999993,-0.09109999999999996,-0.08779999999999996,-0.11739999999999987,-0.11679999999999988,-0.12189999999999988,-0.1159999999999999,-0.12419999999999991,-0.11369999999999993,-0.11709999999999993,-0.13349999999999984,-0.12259999999999988,-0.12019999999999992,-0.12959999999999977,-0.13079999999999983,-0.1308999999999998,-0.12179999999999984,-0.1294999999999998,-0.11329999999999987,-0.11699999999999992,-0.11919999999999986,-0.12199999999999987,-0.12239999999999991,-0.12609999999999988,-0.12949999999999984,-0.12099999999999994,-0.13660000000000017,-0.14050000000000015,-0.12450000000000011,-0.11790000000000016,-0.10990000000000007,-0.11480000000000005,-0.11690000000000011,-0.11960000000000015,-0.09460000000000003,-0.09090000000000002,0.05589999999999986,-0.062000000000000055,-0.10969999999999992,-0.11409999999999992,-0.11249999999999995,-0.1202999999999999,-0.10309999999999998,-0.10549999999999998,-0.10119999999999989,-0.10899999999999992,-0.11319999999999991,-0.11209999999999988,-0.10649999999999996,-0.10709999999999992,-0.11939999999999992,-0.11379999999999989,-0.10279999999999989,-0.10139999999999995,-0.1080999999999999,-0.11019999999999992,-0.09969999999999991,-0.10809999999999993,-0.11659999999999991,-0.11509999999999992,-0.11259999999999984,-0.10779999999999988,-0.1125999999999999,-0.1127999999999999,-0.09789999999999996,-0.11049999999999988,-0.12249999999999994,-0.11759999999999987,-0.11979999999999995,-0.12019999999999982,-0.11319999999999993,-0.1340999999999998,-0.13139999999999985,-0.12609999999999985,-0.12349999999999989,-0.1220999999999999,-0.11879999999999984,-0.1137999999999999,-0.11039999999999989,-0.11709999999999993,-0.1081999999999999,-0.1129999999999999,-0.1085999999999999,-0.11129999999999991,-0.10549999999999991,-0.10499999999999991,-0.10479999999999996,-0.10659999999999992,-0.1239999999999998,-0.10829999999999998,-0.10429999999999995,-0.11939999999999991,-0.11849999999999988,-0.0885,-0.11179999999999991,-0.10529999999999992,-0.11119999999999994,-0.1061999999999999,-0.10419999999999993,-0.11569999999999996,-0.09169999999999996,-0.10189999999999992,-0.11669999999999985,-0.12099999999999986,-0.11599999999999987,-0.11379999999999986,-0.10819999999999991,-0.10299999999999994,-0.1165999999999999,-0.11189999999999989,-0.11849999999999988,-0.13459999999999983,-0.13269999999999985,-0.12419999999999985,-0.1258999999999999,-0.12459999999999986,-0.11289999999999994,-0.10789999999999994,-0.11239999999999994,-0.10039999999999996,-0.0945999999999999,-0.10149999999999997,-0.10879999999999995,-0.10289999999999994,-0.09249999999999993,-0.11039999999999991,-0.10309999999999996,-0.11159999999999995,-0.10309999999999996,-0.09159999999999992,-0.11029999999999983,-0.11750000000000008,-0.1318000000000001,-0.11850000000000009,-0.11810000000000004,-0.13070000000000012,-0.1284000000000001,-0.12940000000000004,-0.13020000000000004,-0.13390000000000007,-0.1324000000000001,-0.1276000000000001,-0.13180000000000006,-0.12230000000000006,-0.13990000000000005,-0.1261000000000001,-0.1392000000000001,-0.12950000000000003,-0.1346000000000001,-0.1305000000000001,-0.1278000000000001,-0.12500000000000006,-0.12070000000000002,-0.1270000000000001,-0.12040000000000008,-0.11740000000000002,-0.12880000000000005,-0.11990000000000006,-0.14240000000000014,-0.13090000000000018,-0.1317000000000001,-0.12520000000000006,-0.13130000000000008,-0.13770000000000013,-0.12000000000000009,-0.12750000000000006,-0.12660000000000007,-0.13900000000000007,-0.13220000000000007,-0.12350000000000007,-0.1259000000000001,-0.13010000000000008,-0.1362000000000001,-0.12430000000000009,-0.12530000000000005,-0.12450000000000007,-0.13550000000000012,-0.11720000000000003,-0.13400000000000012,-0.12860000000000013,-0.13640000000000005,-0.12980000000000008,-0.11670000000000004,-0.13720000000000007,-0.12270000000000009,-0.13540000000000008,-0.12940000000000007,-0.13710000000000008,-0.1336000000000001,-0.1360000000000001,-0.14160000000000011,-0.13210000000000013,-0.13170000000000007,-0.12380000000000006,-0.12140000000000012,-0.1328000000000001,-0.13490000000000005,-0.1013,-0.11530000000000008,-0.11400000000000005,-0.11810000000000011,-0.11049999999999999,-0.10340000000000002,-0.08299999999999998,-0.08869999999999996,-0.08639999999999994,-0.08159999999999991,-0.10120000000000003,-0.10580000000000007,-0.12300000000000005,-0.10520000000000002,-0.07429999999999998,-0.13120000000000012,-0.1154000000000001,-0.09980000000000007,-0.08389999999999997,-0.08389999999999997,-0.10850000000000003,-0.1084,-0.09780000000000003,-0.08409999999999992,-0.11750000000000003,-0.11200000000000006,-0.09690000000000004,-0.11770000000000007,-0.11510000000000004,-0.12670000000000012,-0.11860000000000005,-0.10510000000000001,-0.103,-0.10279999999999997,-0.11950000000000008,-0.09489999999999997,-0.11750000000000003,-0.1024,-0.11430000000000003,-0.09419999999999996,-0.09810000000000003,-0.11950000000000006,-0.10950000000000003,-0.12359999999999996,-0.0938,-0.11810000000000002,-0.1159,-0.13260000000000013,-0.12160000000000007,-0.13240000000000005,-0.12440000000000002,-0.12590000000000007,-0.1403000000000001,-0.12720000000000004,0.02650000000000005,0.1394999999999999,0.1723999999999999,0.08479999999999992,0.08900000000000001,0.09559999999999988,0.07069999999999992,0.08529999999999995,0.0804999999999999,0.005500000000000012,0.023199999999999995,0.02610000000000001,0.03339999999999998,0.03429999999999998,0.04639999999999996,0.04449999999999998,0.061299999999999945,0.03970000000000004,0.03540000000000001,0.032400000000000026,0.053200000000000004,0.053500000000000006,0.07079999999999996,0.05700000000000006,0.08920000000000007,0.08800000000000006,0.04769999999999994,-0.1812999999999999,0.039499999999999987,0.07380000000000007,0.043900000000000015,0.06650000000000005,0.06810000000000006,0.07550000000000012,0.08180000000000008,0.04079999999999994,-0.2239000000000001,0.0737000000000001,0.061600000000000044,0.05980000000000002,0.11670000000000005,0.09760000000000008,0.10670000000000014,0.09630000000000007,0.06630000000000005,0.13360000000000016,0.11740000000000014,0.05380000000000003,0.06460000000000003,0.0433,0.08470000000000008,0.10090000000000013,0.055900000000000095,0.048600000000000004,0.07350000000000009,0.041699999999999966,-3.000000000000104e-4,5.999999999999901e-4,0.07329999999999993,0.08809999999999997,0.07849999999999994,0.07939999999999994,0.06109999999999993,0.08239999999999997,0.0545,0.07309999999999997,0.08459999999999995,0.08709999999999997,0.052700000000000004,0.07389999999999994,0.11590000000000006,0.1121,0.17670000000000013,0.1429000000000001,0.11900000000000009,0.16260000000000016,0.09990000000000004,0.13510000000000003,0.16320000000000012,0.1601000000000002,0.10289999999999999,0.1259000000000001,0.12650000000000008,0.10340000000000003,0.09070000000000006,0.1420000000000002,0.13660000000000014,0.16180000000000014,0.13350000000000015,0.1283000000000001,0.09650000000000009,0.11970000000000011,0.14590000000000017,0.12450000000000011,0.13620000000000018,0.1327000000000001,0.11900000000000005,0.11140000000000004,0.11710000000000008,0.14250000000000015,0.10280000000000002,0.11980000000000009,0.10759999999999997,0.10520000000000003,0.11970000000000003,0.11630000000000003,0.10380000000000007,0.005400000000000012,0.09469999999999996,0.12189999999999987,0.12719999999999987,0.08710000000000002,0.13539999999999985,0.15719999999999973,0.12879999999999986,0.11839999999999991,0.10559999999999996,0.12289999999999988,0.09349999999999993,0.08310000000000003,0.09549999999999999,0.11579999999999985,0.10780000000000001,0.11059999999999993,0.11249999999999988,0.10939999999999993,0.12289999999999988,0.10969999999999994,0.09899999999999995,0.1219999999999999,0.13539999999999983,0.10469999999999999,0.12889999999999988,0.12939999999999988,0.13159999999999994,0.12379999999999992,0.10089999999999989,0.10849999999999994,0.11609999999999995,0.11389999999999986,0.1259000000000001,0.15179999999999988,0.3278999999999998,0.22359999999999977,0.11820000000000003,0.09790000000000001,0.09140000000000002,0.13519999999999988,0.06250000000000007,0.09700000000000002,0.11099999999999997,0.12679999999999997,0.11329999999999994,0.10479999999999996,0.12059999999999997,0.08840000000000003,0.09270000000000006,0.10080000000000004,0.10190000000000002,0.11079999999999997,0.08920000000000007,0.1154,0.13479999999999995,0.1087,0.11209999999999995,0.07100000000000006,0.06040000000000005,0.0736000000000001,0.10070000000000007,0.05590000000000004,0.08180000000000007,0.09310000000000006,0.08030000000000007,0.13009999999999994,0.09810000000000002,0.08660000000000002,0.07990000000000011,0.05850000000000006,0.08550000000000008,0.07830000000000008,0.0977,0.08270000000000008,0.0949,0.08550000000000006,0.08230000000000012,0.09500000000000001,0.1058,0.10680000000000003,0.10949999999999996,0.10570000000000002,0.10319999999999999,0.08880000000000003,0.09400000000000003,0.11929999999999995,0.10819999999999996,0.10839999999999998,0.08950000000000008,0.09570000000000002,0.11019999999999998,0.08470000000000004,0.10849999999999999,0.09359999999999999,0.12399999999999992,0.09179999999999999,0.08030000000000002,0.10630000000000002,0.10969999999999996,0.09720000000000004,0.09830000000000004,0.06300000000000003,0.08840000000000009,0.0987,0.07880000000000009,0.11490000000000002,0.1096,0.0916,0.09660000000000002,0.09759999999999999,0.08730000000000004,0.09190000000000001,0.06850000000000006,0.09159999999999993,0.018000000000000013,-0.001900000000000006,0.0032000000000000028,0.03019999999999996,0.14350000000000018,0.14619999999999977,0.12069999999999999,0.1422000000000001,0.11169999999999998,0.08640000000000006,0.09979999999999999,0.09809999999999999,0.11520000000000012,0.12550000000000014,0.13330000000000022,0.12030000000000013,0.11940000000000012,0.11510000000000016,0.10570000000000009,0.10790000000000009,0.11250000000000016,0.09520000000000005,0.11190000000000007,0.10130000000000004,0.12510000000000004,0.11400000000000012,0.11869999999999994,0.10450000000000009,0.09490000000000005,0.09220000000000007,0.1346000000000002,0.10820000000000006,0.09590000000000005,0.13860000000000017,0.11670000000000005,0.12900000000000017,0.13100000000000017,0.0958000000000001,0.11600000000000014,0.11540000000000013,0.12850000000000017,0.13150000000000023,0.14590000000000025,0.1487000000000003,0.14810000000000026,0.1331000000000002,0.15340000000000026,0.13520000000000018,0.12620000000000015,0.12230000000000013,0.14200000000000024,0.13350000000000015,0.15460000000000024,0.1377000000000002,0.15990000000000026,0.16180000000000028,0.16120000000000023,0.14560000000000023,0.13910000000000017,0.13640000000000022,0.1136000000000001,0.1444000000000002,0.15200000000000025,0.13870000000000016,0.14860000000000018,0.15870000000000026,0.13000000000000003,0.12010000000000012,0.11240000000000014,0.11580000000000007,0.1419000000000002,0.14080000000000015,0.13580000000000014,0.13620000000000013,0.1268000000000001,0.15620000000000023,0.10790000000000013,0.11970000000000015,0.11770000000000015,-0.0044,0.09380000000000002,0.09910000000000004,0.10709999999999997,0.11549999999999998,0.1311,0.11709999999999995,0.10720000000000005,0.12819999999999993,0.10999999999999999,0.1118,0.11809999999999998,0.10570000000000002,0.11399999999999996,0.10370000000000004,0.10269999999999994,0.12419999999999996,0.12199999999999997,0.12129999999999999,0.1352,0.11380000000000001,0.12189999999999998,0.14109999999999995,0.13679999999999995,0.11499999999999996,0.13869999999999996,0.12269999999999999,0.1405,0.12789999999999993,0.1335999999999999,0.13179999999999994,0.11039999999999994,-0.057199999999999945,0.10990000000000005,0.11180000000000014,0.10630000000000002,0.11530000000000012,0.12190000000000016,0.11880000000000011,0.12580000000000013,0.17650000000000027,0.16940000000000027,0.15300000000000022,0.12250000000000014,0.15980000000000014,-0.06460000000000003,0.09540000000000008,0.12300000000000018,0.12740000000000018,0.1262000000000002,0.11720000000000015,0.13180000000000017,0.11570000000000011,0.1432000000000002,0.1132000000000001,0.14880000000000018,0.1469000000000002,0.1359000000000002,0.1440000000000002,0.1322000000000002,0.12760000000000013,0.1632000000000002,0.1273000000000002,0.13770000000000024,0.12980000000000017,0.11350000000000011,0.1327000000000002,0.12760000000000019,0.1295000000000002,-0.015899999999999997,0.10259999999999991,0.16479999999999984,0.14799999999999977,0.1416999999999999,0.12689999999999987,0.11309999999999994,0.13399999999999987,0.11939999999999991,0.10979999999999995,0.1312999999999999,0.10079999999999993,0.11129999999999989,0.12229999999999983,0.08320000000000004,0.09429999999999997,0.0848,0.1287999999999999,0.11599999999999991,0.10469999999999997,0.1242999999999999,0.12229999999999984,0.1196999999999999,0.1194999999999998,0.13039999999999985,0.11839999999999992,0.1095999999999999,0.1247999999999999,0.10919999999999992,0.12439999999999982,0.12039999999999985,0.09969999999999991,0.10049999999999995,0.10639999999999995,0.13169999999999984,0.11629999999999989,0.10409999999999998,0.13199999999999984,0.12469999999999999,0.13819999999999985,0.13569999999999985,0.12029999999999987,0.12159999999999993,0.11499999999999991,0.09359999999999996,0.13149999999999987,0.09839999999999995,0.1150999999999999,0.12329999999999988,0.11649999999999994,0.10149999999999998,0.09659999999999998,0.10339999999999998,0.10999999999999993,0.11389999999999992,0.12819999999999987,0.11479999999999997,0.12509999999999988,0.10329999999999995,0.12169999999999995,0.10139999999999995,0.10959999999999998,0.1002,0.11440000000000007,0.1468,0.11969999999999997,0.12700000000000003,0.1249,0.11819999999999997,0.11,0.1152,0.1051,0.14649999999999996,0.1356,0.11799999999999997,0.11270000000000005,0.11489999999999999,0.10519999999999997,0.08490000000000003,0.09550000000000003,0.1298,0.10890000000000001,0.07490000000000001,0.0795,0.13659999999999997,0.13190000000000002,0.13739999999999997,0.18110000000000007,0.1346,0.10720000000000002,0.1015,0.0724000000000001,0.1074,0.06800000000000009,0.1109,0.1038,0.10800000000000001,0.13879999999999992,0.1267,0.13199999999999992,0.13790000000000002,0.10070000000000003,0.08560000000000008,0.06440000000000003,0.061700000000000046,0.08270000000000007,0.08450000000000006,0.09490000000000005,0.10600000000000004,0.09200000000000008,0.06160000000000004,0.12579999999999997,0.13369999999999993,0.1014,0.13539999999999988,0.11470000000000001,0.11229999999999996,0.11699999999999991,0.08750000000000005,0.09650000000000007,0.0873000000000001,0.0912,0.0833000000000001,0.1065,0.09610000000000003,0.09470000000000002,0.12129999999999994,0.10670000000000006,0.07690000000000007,0.11430000000000001,0.0870000000000001,0.10829999999999998,0.11020000000000003,0.07610000000000008,0.07470000000000006,0.08510000000000006,0.08010000000000014,0.07570000000000009,0.10119999999999996,0.09500000000000006,0.10460000000000008,0.07340000000000009,0.05060000000000008,0.0799000000000001,0.0674000000000001,0.10660000000000007,0.05810000000000005,0.06790000000000007,0.08070000000000015,0.05950000000000007,0.07750000000000008,0.08310000000000009,0.06330000000000005,0.09020000000000007,0.07360000000000007,0.07170000000000008,0.06110000000000002,0.05940000000000006,0.06940000000000009,0.07790000000000012,0.058800000000000026,0.09940000000000004,0.12569999999999995,0.12530000000000008,0.06980000000000003,-0.009599999999999996,0.032600000000000004,0.036,0.02640000000000002,0.013899999999999997,0.02860000000000002,0.03139999999999999,0.0251,0.006399999999999998,0.01999999999999999,0.001000000000000003,0.0141,0.03500000000000001,0.0417,0.0217,0.018400000000000007,0.016400000000000005,0.027500000000000017,0.0033000000000000017,0.01160000000000001,0.01890000000000001,0.012100000000000005,0.031100000000000037,0.018100000000000015,0.004000000000000001,0.005000000000000005,6.000000000000028e-4,0.02690000000000003,0.006900000000000006,-0.0020999999999999955,0.015200000000000009,0.015000000000000006,0.036599999999999994,0.0109,0.0207,0.03220000000000001,0.027100000000000003,0.02980000000000002,0.02500000000000001,0.014600000000000004,0.041800000000000004,0.022100000000000005,0.02600000000000001,0.07919999999999995,0.05889999999999999,0.031900000000000026,0.048000000000000036,0.013800000000000003,0.05860000000000002,0.05090000000000003,0.054400000000000004,0.06970000000000001,0.08319999999999997,0.07560000000000006,0.07160000000000002,0.059300000000000026,0.05350000000000007,0.044200000000000024,0.0695,0.053599999999999995,0.043600000000000014,0.0311,0.04720000000000003,0.07119999999999997,0.0591,0.040900000000000006,0.013099999999999995,0.08879999999999999,0.04490000000000003,0.0179,0.05080000000000002,0.07890000000000005,0.08250000000000002,0.049700000000000036,0.04410000000000001,0.0761,0.0704,0.05160000000000003,0.0657,0.08759999999999998,0.06250000000000001,0.07010000000000002,0.06040000000000001,0.0805,0.07160000000000001,0.06860000000000004,0.07669999999999999,0.07920000000000003,0.07160000000000002,0.06830000000000001,0.062200000000000054,0.04430000000000001,0.061600000000000016,0.08800000000000001,0.06250000000000001,0.07180000000000004,0.053700000000000025,0.011899999999999997,0.028100000000000024,-0.015900000000000004,0.025200000000000004,0.04780000000000002,0.03570000000000001,0.04510000000000001,0.05880000000000002,0.0731,0.056700000000000035,0.06420000000000002,0.03860000000000002,0.06650000000000003,0.06500000000000003,0.08939999999999994,0.07350000000000004,0.06680000000000003,0.039000000000000014,0.09649999999999995,0.05070000000000004,0.0794,0.060900000000000024,0.07140000000000005,0.03709999999999999,0.06660000000000003,0.09689999999999997,0.07520000000000002,0.10339999999999995,0.05980000000000004,0.07160000000000007,0.09489999999999998,0.01719999999999999,0.01639999999999999,-0.017000000000000005,0.010399999999999996,0.007000000000000005,-0.015200000000000002,0.0319,0.018099999999999998,0.01719999999999999,0.0403,0.009099999999999997,-0.0049000000000000085,0.004199999999999998,0.007999999999999991,0.007599999999999995,0.03920000000000001,0.0261,0.03290000000000003,0.06110000000000003,0.05490000000000003,0.07439999999999998,0.06280000000000001,0.06900000000000002,0.07040000000000003,0.08050000000000004,0.07760000000000003,0.07710000000000006,0.059000000000000004,0.08360000000000005,0.06250000000000004,0.06930000000000003,0.08450000000000006,0.05170000000000001,0.09460000000000005,0.06740000000000004,0.0821,0.08380000000000004,0.0689,0.08480000000000003,0.06800000000000005,0.08470000000000003,0.06770000000000001,0.05800000000000002,0.024900000000000005,0.05420000000000003,0.058199999999999995,0.02910000000000001,0.008700000000000003,0.015199999999999997,-0.006800000000000001,0.015799999999999995,0.0171,0.025700000000000004,0.010499999999999995,-0.0188,0.022600000000000006,0.019999999999999997,0.06330000000000002,0.04580000000000003,0.04740000000000001,0.09119999999999999,0.09389999999999998,0.06280000000000004,0.0785,0.062100000000000016,0.07930000000000004,0.06600000000000002,0.09300000000000001,0.03960000000000004,0.033299999999999996,0.06079999999999999,-0.00970000000000001,0.0030999999999999973,-0.02710000000000001,0.007799999999999996,-0.002,0.029700000000000015,0.03380000000000002,0.016700000000000003,0.027800000000000002,-5.000000000000017e-4,0.022900000000000014,0.049800000000000025,0.08799999999999991,0.20349999999999988,0.056199999999999965,0.0307,0.05780000000000003,0.09570000000000009,0.05450000000000003,0.03140000000000002,0.030700000000000026,0.013200000000000024,0.040100000000000045,0.07240000000000005,0.04480000000000002,0.06290000000000007,0.061700000000000026,0.10299999999999988,0.040100000000000004,0.012800000000000002,0.017200000000000024,0.012699999999999989,0.014100000000000007,0.005299999999999994,0.0026,6.000000000000043e-4,0.0192,0.03470000000000002,-6.999999999999976e-4,0.024599999999999986,0.01850000000000002,0.015200000000000014,0.011399999999999999,-0.0022,-0.0075,0.0013999999999999852,0.008299999999999998,0.0030000000000000005,0.0095000000000000015,-0.0177,0.011899999999999999,0.015099999999999981,0.021099999999999994,0.005399999999999999,0.018399999999999993,0.0041,0.011799999999999991,0.003099999999999995,0.019599999999999996,0.016099999999999986,0.06510000000000006,0.06370000000000003,0.03160000000000002,0.052199999999999996,0.031300000000000015,0.14079999999999984,0.054500000000000035,0.04950000000000003,0.008400000000000006,0.05890000000000002,0.05260000000000002,0.04030000000000003,0.009300000000000003,0.028200000000000017,0.019900000000000008,0.0349,0.031200000000000016,0.0424,0.03910000000000003,0.019299999999999998,0.0493,0.026000000000000013,0.039900000000000005,0.03210000000000001,0.030700000000000015,0.033600000000000005,0.0055,0.019700000000000006,0.031100000000000006,0.0134,0.0241,0.04179999999999999,0.0291,0.03719999999999999,0.03660000000000001,0.0732,0.04340000000000001,0.09019999999999997,0.03860000000000002,0.0469,0.026900000000000007,0.09440000000000001,0.10549999999999997,0.15139999999999987,0.14169999999999988,0.14179999999999984,0.13319999999999993,0.14989999999999987,0.10870000000000005,0.09340000000000004,0.08470000000000005,0.07540000000000002,0.12439999999999996,0.11129999999999995,0.1211999999999999,0.12799999999999992,0.12279999999999992,0.12809999999999988,0.10529999999999996,0.08850000000000001,0.08720000000000003,0.09350000000000001,0.1127,0.11900000000000004,0.10399999999999998,0.10669999999999996,0.10629999999999998,0.0984,0.11359999999999994,0.11879999999999993,0.1328999999999999,0.10509999999999999,0.12249999999999991,0.12229999999999996,0.11459999999999994,0.11779999999999992,0.12079999999999995,0.11619999999999994,0.11899999999999995,0.1073,0.11419999999999997,0.09519999999999999,0.08160000000000003,0.10889999999999997,0.12479999999999991,0.09200000000000003,0.10219999999999999,0.11020000000000002,0.10679999999999995,0.10499999999999997,0.11379999999999996,0.10059999999999998,0.12719999999999992,0.09759999999999999,0.10980000000000001,0.10699999999999996,0.09720000000000001,0.12109999999999993,0.09860000000000003,0.10339999999999998,0.10649999999999997,0.08849999999999997,0.11039999999999996,0.10280000000000002,0.07640000000000001,0.1072,0.09399999999999999,0.09850000000000005,0.11599999999999994,0.10330000000000002,0.08610000000000002,0.09869999999999995,0.0956,0.10099999999999999,0.10579999999999998,0.10859999999999999,0.10540000000000001,0.09799999999999999,0.09909999999999998,0.10839999999999994,0.10569999999999999,0.10649999999999991,0.10620000000000002,0.10129999999999997,0.10579999999999996,0.06650000000000003,0.053400000000000024,0.07240000000000003,0.05700000000000002,0.05600000000000001,0.05510000000000001,0.08440000000000002,0.024300000000000002,0.04010000000000002,0.012900000000000012,-0.08989999999999995,0.03460000000000002,0.06530000000000004,0.05170000000000004,0.02680000000000001,0.05730000000000004,0.05620000000000003,0.04260000000000001,0.04490000000000001,0.04140000000000002,0.04200000000000001,0.033100000000000004,0.06520000000000004,0.042800000000000005,0.0538,0.041700000000000015,0.04040000000000001,0.0421,0.0333,0.0341,0.053399999999999996,0.0345,0.046900000000000025,0.0432,0.03640000000000001,0.036000000000000004,0.030799999999999987,0.03699999999999999,0.04330000000000001,0.03790000000000002,0.0433,0.013500000000000005,0.03829999999999998,0.04920000000000003,0.04120000000000002,0.07240000000000003,0.06760000000000001,0.09839999999999993,0.03900000000000001,0.03180000000000001,0.06380000000000004,0.06800000000000003,0.08149999999999996,0.0645,0.06440000000000003,0.06219999999999998,0.026700000000000015,0.04340000000000002,0.06470000000000004,0.06150000000000004,0.08280000000000003,0.12149999999999997,0.10529999999999992,0.08180000000000005,0.10649999999999998,0.0959,0.08620000000000004,0.09949999999999999,0.09159999999999999,0.12039999999999988,0.06530000000000001,0.09770000000000001,0.08769999999999996,0.08640000000000005,0.04980000000000004,0.10220000000000003,0.10039999999999988,0.092,0.1075999999999999,0.09699999999999996,0.10029999999999996,0.09399999999999997,0.11219999999999995,0.11530000000000001,0.10649999999999993,0.11519999999999996,0.10239999999999996,0.11839999999999992,0.10429999999999995,0.08579999999999996,0.11569999999999991,0.11579999999999996,0.08969999999999997,0.09409999999999996,0.08250000000000002,0.06920000000000003,0.06570000000000004,0.06610000000000002,0.07789999999999998,0.08579999999999996,0.07469999999999997,0.08320000000000002,0.0768,0.07690000000000001,0.03850000000000002,0.02320000000000002,0.10039999999999999,0.06850000000000003,0.08680000000000004,0.1181999999999999,0.11249999999999996,0.11309999999999996,0.13379999999999986,0.10909999999999993,0.12539999999999993,0.15329999999999985,0.1149999999999999,0.12939999999999988,0.13089999999999988,0.1345999999999999,0.14939999999999987,0.1408999999999998,0.12129999999999992,0.15339999999999981,0.15259999999999974,0.13189999999999982,0.1365999999999999,0.12379999999999988,0.11909999999999993,0.11989999999999994,0.08850000000000001,0.11789999999999987,0.1438999999999998,0.12049999999999987,0.14319999999999983,0.13789999999999983,0.12569999999999984,0.10529999999999994,0.1558999999999998,0.12999999999999987,0.14389999999999983,0.1315999999999999,0.15729999999999975,0.10379999999999999,0.11659999999999993,0.14589999999999984,0.12039999999999988,0.12999999999999987,0.12919999999999976,0.13659999999999983,0.1192999999999999,0.17509999999999973,0.17639999999999983,0.12299999999999994,0.14259999999999987,0.11049999999999992,0.12929999999999986,0.15469999999999978,0.11919999999999989,0.11289999999999989,0.12419999999999988,0.11969999999999986,0.11489999999999986,0.11529999999999992,0.10659999999999989,0.1226999999999999,0.11849999999999987,0.10199999999999995,0.10929999999999986,0.09709999999999998,0.09949999999999994,0.09819999999999995,0.09999999999999991,0.11649999999999984,0.12069999999999993,0.10089999999999993,0.10379999999999998,0.08619999999999996,0.11759999999999984,0.10709999999999996,0.11199999999999992,0.06680000000000001,0.10639999999999997,0.0872,0.10179999999999996,0.10659999999999989,0.11079999999999995,0.08360000000000006,0.12749999999999986,0.12839999999999985,0.11309999999999988,0.10149999999999991,0.15179999999999988,0.14529999999999973,0.13399999999999984,0.11089999999999994,0.09880000000000001,0.10269999999999994,0.11389999999999992,0.12129999999999988,0.15429999999999974,0.1491999999999998,0.12099999999999987,0.1008,0.09889999999999997,0.0923,0.09879999999999986,0.1260999999999999,0.12059999999999996,0.1221999999999999,0.12299999999999985,0.11909999999999986,0.12179999999999991,0.07570000000000005,0.10689999999999995,0.08130000000000003,0.07980000000000004,0.1088,0.10769999999999991,0.07160000000000004,0.07560000000000004,0.07960000000000003,0.08020000000000004,0.08469999999999998,0.08449999999999999,0.07680000000000002,0.06190000000000001,0.11079999999999995,0.10099999999999999,0.11549999999999992,0.09709999999999995,0.07520000000000004,0.08869999999999999,0.10729999999999995,0.1380999999999999,0.11629999999999989,0.1168999999999999,0.12069999999999988,0.1442999999999999,0.10029999999999992,0.1201999999999999,0.11129999999999997,0.09409999999999999,0.09130000000000002,0.13809999999999983,0.11069999999999994,0.092,0.09549999999999997,0.0925,0.11459999999999998,0.12069999999999995,0.10119999999999996,0.05990000000000001,0.09510000000000003,0.08670000000000004,0.10389999999999994,0.0794,0.09939999999999996,0.07610000000000001,0.05710000000000006,0.0499,0.06830000000000004,0.061800000000000035,0.11129999999999994,0.05760000000000001,0.09149999999999998,0.05750000000000005,0.06410000000000007,0.08050000000000004,0.08590000000000002,0.09849999999999998,0.12309999999999986,0.0855,0.12899999999999986,0.09389999999999996,0.1210999999999999,0.10559999999999993,0.09669999999999997,0.10699999999999993,0.08799999999999997,0.09219999999999998,0.10019999999999994,0.08200000000000005,0.10869999999999991,0.0788,0.10159999999999998,0.08589999999999995,0.09599999999999995,0.1127999999999999,0.12299999999999991,0.13299999999999992,0.11939999999999996,0.1061999999999999,0.12309999999999988,0.11579999999999993,0.07870000000000002,0.11609999999999991,0.11929999999999989,0.11009999999999988,0.09189999999999998,0.1407999999999998,0.10439999999999991,0.11959999999999994,0.0958,0.09639999999999997,0.12079999999999985,0.13059999999999983,0.09299999999999999,0.10689999999999993,0.10059999999999991,0.09479999999999998,0.0969,0.1100999999999999,0.1410999999999998,0.107,0.11309999999999994,0.11519999999999993,0.10529999999999994,0.10139999999999995,0.12469999999999988,0.11949999999999986,0.11389999999999992,0.10299999999999994,0.1031999999999999,0.14099999999999982,0.11699999999999992,0.1204999999999999,0.13649999999999984,0.10249999999999992,0.13029999999999986,0.1560999999999998,0.09780000000000003,0.12689999999999993,0.13809999999999983,0.13729999999999987,0.11169999999999995,0.11669999999999987,0.11939999999999994,0.09899999999999996,0.11229999999999989,0.10479999999999993,0.08920000000000002,0.12639999999999987,0.11549999999999992,0.10329999999999995,0.07400000000000005,0.08560000000000001,0.08700000000000001,0.07870000000000002,0.08760000000000004,0.09859999999999997,0.10049999999999995,0.08160000000000006,0.06360000000000005,0.060400000000000044,0.07690000000000005,0.07310000000000003,0.07070000000000004,0.06380000000000004,0.08170000000000004,0.09940000000000003,0.08679999999999997,0.10929999999999991,-0.11380000000000011,-0.12330000000000013,-0.1163000000000001,-0.11210000000000012,-0.1281000000000001,-0.1313000000000001,-0.12770000000000015,-0.12190000000000017,-0.11260000000000009,-0.12740000000000018,-0.11890000000000008,-0.12520000000000014,-0.10390000000000009,-0.10670000000000006,-0.1084000000000001,-0.11320000000000002,-0.11270000000000013,-0.10600000000000008,-0.12160000000000007,-0.11340000000000007,-0.1124000000000001,-0.1008,-0.11970000000000008,-0.12530000000000016,-0.11420000000000002,-0.1256000000000001,-0.12000000000000018,-0.12610000000000007,-0.1251000000000001,-0.1271000000000001,-0.1266000000000001,-0.12460000000000017,-0.13210000000000016,-0.15560000000000013,-0.1353000000000001,-0.11580000000000008,-0.11290000000000017,-0.11090000000000007,-0.1331000000000001,-0.11290000000000001,-0.11070000000000008,-0.11630000000000011,-0.11820000000000012,-0.1124000000000001,-0.09430000000000001,-0.10840000000000001,-0.1136000000000001,-0.0974,-0.10940000000000003,-0.10220000000000004,-0.11720000000000004,-0.11520000000000001,-0.12810000000000016,-0.10760000000000006,-0.11069999999999998,-0.11280000000000007,-0.12470000000000009,-0.11220000000000009,-0.1142000000000001,-0.11020000000000012,-0.10980000000000009,-0.1221000000000001,-0.1221000000000001,-0.1148000000000001,-0.07319999999999993,-0.1099000000000001,-0.12120000000000009,-0.11490000000000011,-0.07429999999999995,-0.09110000000000007,-0.1170000000000001,-0.12280000000000008,-0.10380000000000007,-0.1028000000000001,-0.11690000000000006,-0.11320000000000004,-0.11840000000000007,-0.10810000000000004,-0.11760000000000005,-0.13150000000000014,-0.11690000000000003,-0.11370000000000012,-0.12670000000000012,-0.11530000000000012,-0.10290000000000003,-0.10670000000000009,-0.10950000000000011,-0.10390000000000002,-0.10440000000000005,-0.09620000000000006,-0.10410000000000004,-0.1170000000000001,-0.08699999999999998,-0.10779999999999999,-0.12280000000000012,-0.10890000000000008,-0.10640000000000004,-0.11960000000000014,-0.11340000000000011,-0.11260000000000009,-0.12330000000000009,-0.13540000000000002,-0.13550000000000006,-0.11770000000000005,-0.1296000000000001,-0.13730000000000012,-0.12780000000000005,-0.11890000000000005,-0.10410000000000007,-0.11880000000000006,-0.10000000000000005,-0.06879999999999996,-0.11980000000000011,-0.08299999999999999,-0.1056,-0.1226000000000001,-0.11690000000000002,-0.11980000000000011,-0.12770000000000015,-0.1099000000000001,-0.11930000000000014,-0.1200000000000001,-0.11790000000000017,-0.0903,-0.12010000000000007,-0.12290000000000012,-0.09759999999999999,-0.11690000000000006,-0.11970000000000015,-0.11100000000000002,-0.10940000000000003,-0.0902,-0.11740000000000006,-0.10020000000000001,-0.11340000000000011,-0.11310000000000009,-0.10030000000000004,-0.1155000000000001,-0.1123000000000001,-0.11070000000000006,-0.11000000000000006,-0.11380000000000015,-0.10080000000000004,-0.11930000000000007,-0.10550000000000008,-0.10500000000000005,-0.1093000000000001,-0.11770000000000012,-0.11880000000000004,-0.10670000000000006,-0.10190000000000003,-0.11260000000000009,-0.08779999999999999,-0.09970000000000004,-0.11000000000000001,-0.11340000000000001,-0.1272000000000001,-0.11650000000000002,-0.10800000000000008,-0.11190000000000008,-0.10210000000000004,-0.10370000000000001,-0.11690000000000014,-0.1069000000000001,-0.11260000000000005,-0.11090000000000005,-0.11810000000000011,-0.10030000000000003,-0.11150000000000014,-0.11180000000000007,-0.11430000000000011,-0.11070000000000009,-0.11960000000000014,-0.11460000000000008,-0.10630000000000007,-0.1078000000000001,-0.11259999999999999,-0.10450000000000002,-0.10050000000000002,-0.12090000000000009,-0.10950000000000007,-0.10530000000000005,-0.11220000000000002,-0.12210000000000008,-0.11820000000000011,-0.11570000000000008,-0.1169000000000001,-0.11010000000000003,-0.12490000000000012,-0.1193000000000001,-0.11800000000000012,-0.11190000000000007,-0.11060000000000013,-0.10620000000000009,-0.12060000000000012,-0.11850000000000013,-0.1427000000000001,-0.12530000000000016,-0.13930000000000003,-0.13030000000000008,-0.1254000000000001,-0.1087000000000001,-0.09069999999999999,-0.1078000000000001,-0.11540000000000017,-0.1077000000000001,-0.11990000000000013,-0.12280000000000012,-0.12230000000000009,-0.10480000000000007,-0.1138000000000001,-0.10340000000000005,-0.10510000000000005,-0.10910000000000007,-0.08769999999999997,-0.12950000000000014,-0.11640000000000014,-0.12020000000000008,-0.1061000000000001,-0.12010000000000011,-0.13500000000000015,-0.1253000000000001,-0.15280000000000024,-0.1337000000000001,-0.13540000000000021,-0.13850000000000018,-0.13930000000000015,-0.1272000000000001,-0.12790000000000012,-0.1335000000000001,-0.11550000000000007,-0.12500000000000006,-0.11880000000000004,-0.12760000000000013,-0.0963,-0.12490000000000005,-0.13120000000000015,-0.12570000000000014,-0.13290000000000007,-0.12340000000000001,-0.1281000000000001,-0.13250000000000012,-0.1261000000000001,-0.12430000000000005,-0.13460000000000014,-0.12560000000000013,-0.1366000000000001,-0.12250000000000014,-0.1216000000000001,-0.18600000000000003,-0.15300000000000008,-0.2,-0.15530000000000022,-0.09480000000000001,-0.11370000000000013,-0.10960000000000006,-0.11010000000000009,-0.10270000000000003,-0.11740000000000014,-0.11520000000000011,-0.10050000000000008,-0.11020000000000006,-0.10330000000000007,-0.10720000000000011,-0.11310000000000002,-0.10730000000000006,-0.10870000000000003,-0.10470000000000004,-0.09249999999999997,-0.09450000000000003,-0.10450000000000012,-0.10730000000000003,-0.10360000000000007,-0.09500000000000006,-0.09590000000000005,-0.10250000000000004,-0.1071000000000001,-0.1464000000000002,-0.12780000000000014,-0.13000000000000006,-0.11560000000000006,-0.1272000000000001,-0.11630000000000004,-0.11200000000000003,-0.010999999999999994,0.2042,0.12339999999999998,0.21679999999999996,-0.11070000000000008,-0.10260000000000005,-0.10240000000000003,-0.10390000000000002,-0.10310000000000008,-0.1018,-0.09990000000000002,-0.08089999999999994,-0.07049999999999994,-0.07919999999999994,-0.11390000000000015,-0.08059999999999995,-0.08209999999999994,-0.09329999999999998,-0.10840000000000012,-0.09120000000000003,-0.10200000000000004,-0.0879,-0.09470000000000002,-0.08789999999999998,-0.10520000000000009,-0.09810000000000003,-0.04299999999999997,-0.010299999999999998,-0.003699999999999999,-0.024099999999999983,-5.000000000000001e-4,0.03140000000000002,0.010000000000000004,0.021400000000000006,0.0132,0.014100000000000007,0.0528,0.07519999999999995,0.0541999999999999,0.029800000000000007,0.0472,0.025400000000000006,0.017900000000000006,-0.002400000000000001,0.0114,0.015299999999999998,0.0024000000000000037,-0.012200000000000003,0.03770000000000001,0.020100000000000007,0.04259999999999999,0.0353,0.014600000000000002,0.0284,0.030100000000000005,0.04159999999999996,0.031900000000000005,0.02160000000000001,0.028900000000000006,0.04769999999999999,0.024900000000000002,0.037099999999999994,0.0238,0.03800000000000001,0.032900000000000006,0.02020000000000001,-0.003899999999999999,0.018300000000000004,0.0391,0.09009999999999996,0.014300000000000009,-0.004199999999999996,-0.02099999999999999,-0.0335,-0.03429999999999999,-0.0379,-0.015499999999999996,-0.025499999999999995,-0.017999999999999995,-0.0070999999999999995,-0.007099999999999999,-0.006000000000000001,-0.0216,1.3877787807814458e-18,-0.009399999999999993,-0.1012999999999999,-0.09499999999999999,-0.08520000000000001,0.0016000000000000033,0.004599999999999998,5.000000000000053e-4,0.008700000000000003,-0.005099999999999998,-0.013700000000000004,0.007300000000000002,-0.016399999999999998,-0.0023999999999999976,0.012900000000000002,0.00990000000000001,-0.024399999999999998,0.012800000000000008,0.009300000000000001,0.04099999999999996,0.015200000000000005,0.005900000000000001,7.000000000000028e-4,9.000000000000015e-4,0.006700000000000004,0.028000000000000008,0.001899999999999997,0.009600000000000004,0.005800000000000002,0.009500000000000005,0.0085,0.004400000000000003,0.0304,0.015300000000000005,0.012800000000000004,0.015799999999999998,0.0106,0.010000000000000002,0.00410000000000001,-0.006099999999999994,-0.032299999999999995,-9.999999999999961e-4,-3.999999999999941e-4,-0.0144,-0.004999999999999993,0.005900000000000002,0.008300000000000005,0.0297,0.0035000000000000053,0.0166,0.0179,0.018300000000000007,0.0203,0.021300000000000006,0.014700000000000001,0.0262,0.030699999999999998,0.0417,0.06579999999999998,0.18569999999999998,0.13199999999999995,-0.22929999999999967,0.09929999999999996,0.006500000000000007,0.007600000000000007,-0.0054999999999999945,0.014900000000000004,0.023200000000000012,0.0333,0.007400000000000006,-0.0011999999999999934,-0.014700000000000001,0.025700000000000008,0.009300000000000013,0.013800000000000005,-0.002100000000000002,0.012500000000000004,0.008300000000000009,0.20640000000000025,0.011000000000000005,-0.016099999999999996,0.017900000000000013,-0.012399999999999991,-0.015599999999999992,0.0017000000000000088,0.058799999999999956,0.03739999999999996,0.014900000000000007,0.045399999999999954,0.022,0.019000000000000003,0.007500000000000009,0.021100000000000008,0.007300000000000006,0.04689999999999998,0.05509999999999998,0.02059999999999998,0.0243,0.024499999999999977,0.0081,0.008900000000000014,0.07660000000000002,0.1040999999999999,0.12129999999999987,0.09019999999999996,0.12089999999999985,0.19959999999999986,0.14809999999999982,0.06430000000000005,0.18139999999999998,0.28130000000000016,0.14659999999999992,0.020399999999999988,0.030899999999999945,0.053800000000000014,0.06439999999999996,0.004700000000000009,0.003900000000000008,0.04129999999999996,0.04680000000000004,0.036099999999999965,0.03169999999999998,0.02749999999999997,0.017900000000000013,0.050100000000000026,0.007900000000000008,0.021099999999999994,0.03919999999999997,0.004900000000000001,0.03869999999999994,0.02629999999999995,0.010900000000000003,0.0027000000000000036,0.02419999999999998,0.026999999999999965,0.01580000000000001,0.010600000000000005,0.03559999999999994,-0.019,0.014200000000000004,0.010100000000000005,0.021099999999999994,0.0015000000000000052,0.0311,-0.003299999999999996,0.013900000000000003,-0.10460000000000008,-0.08400000000000007,-0.09260000000000006,-0.08070000000000002,-0.06830000000000003,-0.054400000000000046,-0.07970000000000002,-0.08940000000000006,-0.10150000000000002,-0.08340000000000006,-0.13190000000000007,-0.09170000000000006,-0.09340000000000005,-0.11310000000000006,-0.08360000000000001,-0.09940000000000003,-0.10000000000000002,-0.10830000000000005,-0.11130000000000007,-0.07150000000000004,-0.08820000000000006,-0.10610000000000004,-0.09640000000000004,-0.11680000000000001,-0.10700000000000003,-0.0021999999999999954,-0.00889999999999999,0.009699999999999999,0.04079999999999998,-0.016499999999999997,0.007100000000000007,0.020799999999999996,0.045900000000000045,0.02929999999999996,0.03159999999999998,0.015700000000000006,0.007200000000000007,0.018600000000000002,0.024400000000000005,0.02849999999999999,0.014400000000000001,0.022499999999999982,0.032199999999999965,0.02369999999999999,0.03719999999999993,0.017100000000000008,0.04949999999999997,0.03539999999999996,0.05069999999999997,0.01669999999999995,0.05909999999999999,0.03579999999999994,0.05189999999999999,0.08839999999999995,0.12649999999999995,0.11209999999999994,0.10680000000000002,0.1294,0.11289999999999994,0.1158999999999999,0.14339999999999983,0.13179999999999986,0.09609999999999992,0.1164999999999999,0.08589999999999995,0.02309999999999998,0.018200000000000008,0.048799999999999975,0.026699999999999977,0.03869999999999996,0.03679999999999999,0.05349999999999997,0.03539999999999996,0.012200000000000006,0.04569999999999997,0.04489999999999996,0.034299999999999976,0.008200000000000002,0.014400000000000007,0.0139,0.016,0.043799999999999964,0.02189999999999996,0.0030000000000000027,0.009500000000000008,0.03689999999999998,0.024899999999999988,0.03289999999999997,0.01840000000000001,0.030499999999999985,4.996003610813204e-18,0.02359999999999997,0.0208,0.025799999999999993,0.011800000000000001,3.000000000000019e-4,0.016000000000000007,0.0012,0.004100000000000007,0.018200000000000008,0.03189999999999998,0.04089999999999998,0.014700000000000006,0.01260000000000001,-0.002699999999999996,0.03689999999999999,0.004900000000000001,0.0125,0.02929999999999999,0.0029999999999999975,0.007700000000000005,0.04879999999999995,0.013399999999999994,0.015500000000000003,0.023699999999999975,0.016000000000000007,0.009500000000000003,0.017400000000000002,0.023499999999999983,0.025099999999999997,0.01999999999999998,0.018399999999999996,0.017599999999999998,0.014300000000000002,0.04079999999999998,0.03029999999999998,0.01160000000000001,0.0014000000000000074,-0.005199999999999995,0.018200000000000004,0.03279999999999998,0.025399999999999968,0.008199999999999999,0.014300000000000009,0.0158,0.03949999999999997,0.03719999999999998,0.02199999999999999,0.0204,0.0254,0.024299999999999985,0.06000000000000003,0.023300000000000005,-0.013499999999999998,-0.039299999999999974,-0.04829999999999992,-0.027899999999999966,-0.032399999999999936,-0.018200000000000004,-0.021899999999999968,-0.023499999999999976,-0.014599999999999993,0.005600000000000002,0.011899999999999999,0.014100000000000007,0.0033000000000000017,0.016300000000000002,5.999999999999989e-4,0.01890000000000001,0.02589999999999995,0.038799999999999994,0.01590000000000001,0.016500000000000004,0.024399999999999998,0.013700000000000007,0.0315,0.048799999999999975,0.0425,0.0207,0.05419999999999997,0.040100000000000004,0.06779999999999997,0.03479999999999998,0.039599999999999996,0.03279999999999997,0.0034000000000000024,-0.003099999999999997,0.006500000000000006,-0.004599999999999993,-0.016100000000000007,4.99999999999999e-4,-0.0016999999999999982,-0.011499999999999996,-0.016999999999999994,-0.0020999999999999994,-3.999999999999951e-4,-0.020100000000000003,-0.018699999999999998,0.015300000000000006,0.0198,0.023400000000000004,0.029100000000000004,0.0142,0.0225,0.018000000000000002,0.022900000000000014,0.028799999999999982,0.021699999999999994,0.04999999999999998,0.03399999999999994,0.035599999999999986,-0.001100000000000001,0.029600000000000008,0.0066000000000000034,0.018600000000000002,0.07669999999999998,0.04689999999999994,0.019200000000000005,0.0024000000000000054,0.02879999999999997,0.04749999999999997,0.0338,0.03239999999999998,0.04289999999999997,0.03689999999999998,0.05259999999999997,0.06069999999999997,0.022199999999999994,0.04169999999999995,0.013400000000000006,0.03809999999999999,0.011100000000000006,0.024699999999999975,-0.016700000000000003,0.004899999999999998,-0.011399999999999995,-0.0026999999999999997,-0.003299999999999997,3.0000000000000046e-4,-0.013699999999999997,-0.0044,-0.002900000000000001,-0.009000000000000001,-0.0022999999999999935,5.000000000000001e-4,-0.003900000000000006,0.005299999999999999,-0.003400000000000003,0.005100000000000001,-0.026499999999999996,-0.011500000000000002,-0.0261,-0.014700000000000008,-0.014899999999999998,-0.009200000000000002,-0.021799999999999996,-0.005199999999999998,-0.032400000000000005,-0.016300000000000002,-0.0118,-0.025499999999999995,-0.018099999999999995,-0.0239,-0.016600000000000007,-0.016100000000000003,0.006899999999999998,-0.011,-0.029400000000000003,-0.016,-0.015499999999999998,-0.018400000000000003,-0.018700000000000005,-0.014900000000000002,-0.015300000000000003,-0.017100000000000008,-0.027100000000000016,-0.028899999999999974,-0.008199999999999999,-0.04729999999999999,-0.02540000000000001,-0.02800000000000001,-0.04529999999999998,-0.006400000000000001,-0.011399999999999999,-0.001099999999999997,-0.040699999999999986,-0.02509999999999999,-0.0092,-0.010100000000000005,0.027299999999999987,-0.0038,-0.004199999999999998,0.010399999999999998,-0.0048,-0.008000000000000002,0.015999999999999993,0.011200000000000003,-0.006899999999999997,0.0026999999999999984,-0.0039000000000000007,-0.025,-0.030500000000000003,-0.018900000000000007,-0.0124,-0.009900000000000004,-0.014500000000000004,0.0075000000000000015,-0.0202,0.022199999999999998,0.012500000000000004,0.014299999999999997,-0.0013999999999999959,0.0036999999999999984,0.016500000000000004,0.0017000000000000001,-0.002999999999999999,-0.022000000000000006,0.02769999999999999,-0.0174,0.0060000000000000045,0.004,0.014700000000000001,0.032799999999999996,0.07460000000000004,0.037199999999999955,0.022099999999999995,0.017999999999999985,0.033499999999999974,0.0443,0.05189999999999997,0.016600000000000004,-0.0046999999999999984,-0.0016000000000000005,0.0026000000000000007,-0.0073,-0.012399999999999998,-0.006800000000000006,1.0000000000000117e-4,-0.007299999999999996,0.005100000000000002,-0.003299999999999998,-0.0075000000000000015,-0.024499999999999997,-0.004800000000000002,-0.02929999999999999,-0.008100000000000003,4.999999999999966e-4,0.002399999999999998,-0.011700000000000002,-0.014199999999999999,0.0043999999999999985,-0.004800000000000004,7.000000000000008e-4,5.000000000000039e-4,-0.0039000000000000003,-0.021000000000000008,-0.007099999999999998,-0.018200000000000004,-0.0079,-0.0131,-0.011400000000000004,-0.004099999999999998,0.004500000000000002,-0.005800000000000007,-0.015300000000000003,-0.0082,-0.009900000000000004,-0.016700000000000003,-0.003000000000000001,-0.016600000000000004,5.999999999999988e-4,-0.0063000000000000035,-0.005900000000000002,-0.003199999999999999,-0.015200000000000005,-0.0157,-0.013700000000000007,0.007799999999999996,-0.008,-0.01920000000000001,-0.006799999999999998,0.003300000000000005,-0.016000000000000004,-0.0026999999999999993,-0.017200000000000007,-0.010300000000000002,-0.007500000000000003,-0.022499999999999996,-9.999999999999994e-4,-0.006900000000000004,-0.0079,-0.02670000000000001,-0.022399999999999993,-0.0121,-0.0142,-0.006699999999999999,0.0028000000000000013,-0.004600000000000004,0.0012000000000000023,-0.02660000000000001,-0.0021999999999999997,-0.005800000000000002,-0.024899999999999988,-0.03249999999999999,-0.02320000000000001,-0.02789999999999999,-0.0134,-0.022000000000000002,-0.0223,-0.01690000000000001,-0.031599999999999996,-0.020600000000000004,-0.019400000000000008,-0.038199999999999984,-0.029599999999999994,-0.025999999999999992,-0.024000000000000004,-0.031199999999999985,-0.016000000000000007,-0.0241,-0.0414,-0.07089999999999994,0.0268,-0.0144,-0.010100000000000012,-0.058499999999999976,-0.007300000000000002,-0.025100000000000008,0.008799999999999999,0.0125,0.005099999999999996,-0.0074000000000000055,-0.0026000000000000055,-0.02919999999999997,-0.0385,-0.02719999999999997,-0.02759999999999999,0.009700000000000002,-0.026599999999999974,0.005899999999999996,-0.030399999999999986,-5.000000000000052e-4,-0.037799999999999966,-0.029299999999999993,-0.041499999999999974,-0.02050000000000001,-0.03709999999999997,-0.015700000000000006,-0.013300000000000003,9.999999999999148e-5,-0.014200000000000006,-0.0277,-0.032199999999999986,-0.027999999999999994,-0.0223,-0.0213,-0.0212,-0.03159999999999998,-0.023999999999999994,-0.02389999999999999,-0.023600000000000003,-0.029299999999999996,-0.0328,-0.0116,-0.013100000000000007,-0.02009999999999999,-0.009900000000000003,-0.02639999999999999,-0.027899999999999994,-0.011099999999999999,-0.0158,-0.013200000000000005,-0.021099999999999997,-0.03099999999999998,-0.0229,-0.01410000000000001,-0.0207,-0.013000000000000003,-0.04129999999999996,-0.028699999999999976,-0.022799999999999994,-0.0124,-0.012300000000000007,-0.014600000000000004,-0.022600000000000006,-0.01670000000000001,-0.015000000000000005,-0.0012000000000000016,-0.0013000000000000012,-3.000000000000046e-4,-0.0015000000000000002,-0.009900000000000006,-0.005900000000000001,-0.025199999999999983,-0.012100000000000001,-0.022399999999999996,-0.02599999999999999,-0.030999999999999993,-0.0258,-0.024899999999999988,-0.020800000000000006,-0.01930000000000001,-0.017700000000000004,-0.03649999999999997,-0.014900000000000004,-0.02909999999999997,-0.0043000000000000035,-0.03169999999999998,-0.02449999999999998,-0.04879999999999996,-0.0029999999999999983,-0.0010999999999999985,-0.018600000000000005,-0.028099999999999993,-0.032399999999999984,-0.012500000000000004,-0.0429,-0.033599999999999984,-0.038299999999999966,-0.026699999999999974,-0.021899999999999982,-0.020600000000000004,-0.0031000000000000016,-0.047699999999999985,-0.017,-0.019700000000000006,-0.013200000000000003,0.011499999999999995,-0.02079999999999999,-0.016500000000000004,-0.03419999999999999,-0.023199999999999978,-0.009300000000000001,-0.007900000000000003,-0.0052999999999999966,-0.018899999999999997,-0.035799999999999985,-0.039799999999999974,-0.003199999999999998,-0.003900000000000001,-0.014100000000000003,-0.013800000000000002,-0.017,0.006199999999999996,0.0032999999999999974,0.0067,0.017799999999999996,-0.007200000000000003,0.001999999999999999,0.019399999999999997,-0.01649999999999999,0.0029000000000000076,0.0070999999999999995,-0.011,-0.0053,-0.014300000000000005,0.0017000000000000023,-0.008100000000000001,-0.07690000000000002,0.038699999999999984,0.052900000000000016,0.023,0.08670000000000005,0.05290000000000003,0.03259999999999998,0.028200000000000017,0.06080000000000002,0.035899999999999974,0.06010000000000005,0.08260000000000006,0.09670000000000006,0.1222000000000001,0.11050000000000015,0.07600000000000004,0.11280000000000008,0.0964000000000001,0.08190000000000007,0.04549999999999998,0.06490000000000004,0.06200000000000001,0.08780000000000003,0.07170000000000004,0.07410000000000008,0.10820000000000009,0.061000000000000026,0.08840000000000009,0.07050000000000015,0.05850000000000006,0.054600000000000024,0.07090000000000013,0.04589999999999998,0.054800000000000015,0.05060000000000001,0.07070000000000008,0.07170000000000008,0.07510000000000006,0.0801000000000001,0.05760000000000003,0.046900000000000004,0.0535,0.08360000000000006,0.06269999999999999,0.07780000000000009,0.06890000000000007,0.07790000000000007,0.05690000000000001,0.07660000000000006,0.06300000000000003,0.06670000000000002,0.05560000000000004,0.08920000000000007,0.06900000000000006,0.08920000000000008,0.06250000000000004,0.047299999999999995,0.06050000000000004,0.05810000000000002,0.07950000000000008,0.05410000000000003,0.057400000000000076,0.03129999999999999,0.06540000000000004,0.10120000000000007,0.09330000000000009,0.09610000000000012,0.11670000000000014,0.09560000000000009,0.11800000000000015,0.10380000000000011,0.08730000000000006,0.1050000000000001,0.10160000000000012,0.10270000000000006,0.1130000000000001,0.1176000000000001,0.11680000000000013,0.1128000000000001,0.10340000000000012,0.0927000000000001,0.11510000000000009,0.11600000000000017,0.09320000000000007,0.13280000000000014,0.10010000000000005,0.10780000000000008,0.11130000000000012,0.1224000000000001,0.11180000000000008,0.11110000000000006
